2 46.5555555555556 52.3333333333333 63.1111111111111
3 54.3333333333333 57.6666666666667 74.8888888888889
4 60.7222222222222 51 61.9444444444444
5 57.9444444444444 70.8888888888889 76.8888888888889
6 34.3333333333333 37.9444444444444 68
7 53.3333333333333 45.9444444444444 63.4444444444444
8 76.6666666666667 83.1111111111111 84.7222222222222
9 79.7222222222222 80 82.7777777777778
10 63.0555555555556 62.5 88.3333333333333
11 52.2222222222222 67.5 76.3888888888889
12 46.9444444444444 55.4444444444444 76.1111111111111
13 69.7222222222222 66.1111111111111 78.3333333333333
14 52.8888888888889 63.0555555555556 73.1111111111111
15 57.6666666666667 62.2777777777778 64.0555555555556
16 85.6944444444444 80.3333333333333 91.8888888888889
17 51.3888888888889 52.5 79.1666666666667
18 47.7777777777778 50.1111111111111 61.9444444444444
19 74.0555555555556 73.5 87.5
20 51.3333333333333 43.6111111111111 60.6666666666667
21 49.5 65.7222222222222 82.7777777777778 18 18 18
22 61.1111111111111 69.1666666666667 83.6111111111111 18 18 18
23 71.6666666666667 42.5 76.1111111111111 18 18 18
24 37.2222222222222 39.7222222222222 50.2777777777778 18 18 18
25 71.9444444444444 69.2777777777778 74.8333333333333 18 18 18
26 60.8333333333333 63.8888888888889 71.1111111111111 18 18 18
27 71.2777777777778 66.2222222222222 80.0555555555556 18 18 18
28 69.4444444444444 74.4444444444444 81.6666666666667 18 18 18
29 79.7222222222222 77.8888888888889 88.8888888888889 18 18 18
