JA ashtray smoke 1325 3880 2028 2269 1930 952 2066 5868 2883 4235 2442 2135 658 
JA astronaut moon 2268 2103 2159 607 331 6325 1547 2324 3244 1013 2080 219 
JA atlas world 2431 2378 3845 369 3447 643 360 1897 1232 939 453 1748 
JA atom cell 9027 2454 1100 2109 322 2189 733 2944 2768 3497 1118 1447 
JA bait worm 1265 2089 1517 3822 887 816 2397 6079 3814 6986 2197 3241 1762 
JA bank robber 1271 3137 684 2767 3425 643 8492 7014 532 3064 2466 3795 1447 
JA bassinet crib 2338 1711 524 10179 3708 3487 2657 4780 1385 3248 2654 2981 1749 
JA blackboard school 1830 1615 619 3690 982 1685 2406 7473 1360 3247 2583 5069 2290 
JA climber tree 1018 2352 2301 3071 1449 4209 4830 8438 269 4830 3128 1907 1334 
JA cork screw 5011 2293 3031 391 880 2527 651 3326 3339 704 726 7076 
JA crayon red 1113 3895 3401 5991 1766 2421 4139 3634 2234 5226 2790 4396 2915 
JA crust bread 1057 2484 1343 1998 984 3781 2955 4240 656 3351 6391 2402 1513 
JA dairy farm 835 1803 1320 1598 1760 2717 4920 2763 1382 5320 3248 2156 716 
JA dandelion yellow 2087 1923 4011 925 417 4541 557 3425 5242 1097 1057 1441 
JA dilemma confusion 2493 973 3284 925 643 2495 626 1955 1213 754 1445 1806 
JA doorbell door 6431 2494 4513 5392 387 2049 1795 3313 2894 3560 1223 712 
JA draft army 5917 369 5241 1386 586 2170 2200 3534 8665 989 1690 4996 
JA drove herd 5734 750 2547 450 1597 7524 446 2759 3642 583 681 1168 
JA dune hill 5100 1438 9370 1382 1193 2498 1421 2701 2491 5823 10647 2159 
JA dustpan dirt 5839 1344 1516 487 480 2534 2028 1986 1903 660 1600 4073 
JA equation algebra 9225 5088 2526 3397 770 2498 961 3531 2781 9947 4066 644 
JA famine death 3180 2514 727 2167 959 710 4348 6165 443 2801 2662 4224 4335 
JA frosting chocolate 3435 1144 3719 638 397 5555 558 3481 5137 1411 649 2286 
JA glove hat 647 3339 793 5110 752 2647 5285 2211 1247 14319 3685 2746 2059 
JA granite stone 5087 585 2894 2532 298 1897 418 1962 2908 2709 628 5068 
JA lather suds 1447 2776 1268 5215 2586 2234 8294 6634 5519 4856 1719 3706 1915 
JA league team 5682 2826 2869 2025 1756 2853 1649 4028 3316 2701 794 3670 
JA newsstand newspaper 3521 2699 5094 3751 910 2703 426 2711 2138 1629 678 865 
JA oregano food 3659 3017 745 1447 875 1584 2452 3119 4123 3759 3908 3325 1787 
JA pasture green 963 1401 603 3324 1624 1638 1312 3471 1363 4654 4584 1502 8022 
JA peanut oil 5474 331 4464 1788 381 1913 1418 6099 1413 2436 681 1194 
JA pigeon statue 4843 1171 2022 791 577 12900 3504 4697 1443 875 1820 1179 
JA pun word 1253 1488 556 2765 1319 788 1797 3106 73368 2169 2057 2920 1432 
JA reader student 2208 2069 715 2710 824 516 3746 9005 1445 952 4924 1690 1789 
JA revolution history 731 915 792 3542 2229 2742 1318 3210 1981 1120 9986 1792 1382 
JA rodeo cowboy 777 2806 3240 4453 1936 1571 5274 4411 985 3846 2007 5107 2319 
JA roman greek 836 2403 1518 2411 2639 684 2541 5225 1215 2906 3386 2243 515 
JA row oar 4833 2014 2495 1743 907 4661 1692 4964 1538 4940 6163 1952 
JA scissors knife 717 1703 543 7561 2020 611 1333 10102 706 4111 2826 1354 1713 
JA spool string 5415 1860 2801 828 345 9412 375 2512 2025 896 441 1758 
JA stethoscope heart 1940 3224 790 2640 1292 3476 10331 8414 1622 3198 6464 2097 1697 
JA stewardess lady 7926 532 1442 1717 2006 5548 1768 8060 3570 2786 1349 446 
JA sty pig 633 2903 937 1312 1626 1218 2802 5963 204 3226 6815 1536 2091 
JA switch punishment 5431 2138 1198 961 624 4837 1026 2756 5513 994 426 436 
JA tepee home 6036 2046 6916 3289 290 3636 1359 3829 1648 3809 477 1553 
JA thermometer sickness 2993 1284 5267 1167 1421 6398 508 3347 1321 1593 2596 847 
JA throne chair 4351 3354 721 2614 3153 1005 25022 5039 5507 4215 2231 6446 4037 
JA touchdown rocket 1465 3423 3061 6371 2065 2509 3593 6027 2100 3822 3306 5520 1809 
JA tusk tooth 977 2657 485 3791 3665 1712 1906 3429 457 2626 4968 2568 1735 
JA umbrella protection 8817 817 2142 619 542 2813 919 1239 3395 812 4906 1032 
JA vent anger 5033 1633 4590 1712 1422 3514 3006 6441 6187 1230 2009 232 
JA vocabulary language 519 1921 536 3350 2191 1245 2088 7507 1407 2970 2145 1720 1051 
JA yoke ox 2873 938 4557 920 1071 4810 457 3829 996 631 784 4057 
JA zenith top 2100 1925 401 8068 1637 2711 1882 3330 2712 13450 3030 4357 13076 
JA ability work 3408 2028 5604 566 720 1820 493 2105 2581 588 1250 3512 
JA agency company 4196 7140 7813 3446 1013 4233 5623 4294 2065 3806 1059 773 
JA approval okay 3190 546 5807 954 1363 3130 1084 484 1822 1019 1106 1481 
JA area square 2790 920 1985 3369 1539 4215 1036 2038 1618 579 940 766 
JA article clothes 963 2084 770 3938 607 4228 8467 3818 1489 5001 2946 3211 1362 
JA background scenery 541 3012 734 2483 4124 4466 4373 5200 877 2748 3553 1803 4953 
JA belief god 548 2377 883 2263 1009 636 2795 2931 2157 3714 3799 3804 1469 
JA bill name 1219 4844 636 2066 3099 6874 6339 5691 1976 1289 4387 1609 1809 
JA bond glue 1509 5421 1460 8474 1878 1443 6862 6840 1137 4865 3474 4437 2114 
JA bottom end 2594 2177 1445 1740 625 5103 2006 8610 1320 1550 2942 1998 1485 
JA boundary line 6295 1737 2548 4531 876 7495 1345 4300 1668 5628 2207 3136 
JA bounty towel 5212 300 3532 995 702 2153 1627 5833 3827 941 3220 3266 
JA bunch lot 2478 4503 518 1918 1174 476 3823 4771 947 3788 3379 3310 1565 
JA capability talent 1041 776 1137 1242 733 3795 4060 10611 390 5621 3362 1543 943 
JA caution danger 6880 1503 5391 633 402 2048 1241 2512 7018 1655 1273 2033 
JA circumstance evidence 1074 2222 4818 9652 1357 2594 4998 4260 2324 2681 1691 3527 2908 
JA cleaner maid 7136 1885 2284 2978 865 5579 1756 6160 1580 3011 774 2935 
JA coat winter 1016 4084 526 3115 2701 5428 1607 4715 1475 3167 3481 1846 2008 
JA community town 2557 2303 5186 2241 562 5532 1586 2780 784 3420 1178 1759 
JA component part 3583 304 3206 1246 1434 1670 464 3382 2239 1446 924 310 
JA concept way 5117 2810 2717 377 430 2118 1283 3495 2730 1014 506 2806 
JA course class 2205 2095 515 4718 815 23573 3423 4305 1012 3629 2273 2630 2072 
JA court tennis 1900 2859 763 2066 1867 722 6746 11139 2268 1983 5262 6218 1216 
JA crab meat 1887 3587 869 3477 2886 744 2929 3393 1414 4596 3493 1817 1549 
JA crew ship 7915 1066 5325 1338 516 4146 1110 3303 1573 5575 2375 962 
JA cupboard cup 7942 1313 1821 1840 379 2298 1038 5568 3549 2939 2124 1041 
JA damage accident 2214 4048 741 1653 1220 2227 5100 5641 920 7453 2465 5888 4248 
JA daughter sister 4425 1232 7020 472 1825 1772 515 369 1429 615 1255 1217 
JA effect response 5747 2730 5222 6116 312 1692 1549 2571 2401 2954 2692 324 
JA ego trip 4731 267 7357 3345 893 2875 874 2721 2390 2660 1911 663 
JA einstein science 1209 2331 562 3430 2149 2196 3391 5434 2346 3762 3984 2866 1940 
JA essence meaning 1300 1300 791 1151 974 3102 1333 5136 227 4498 3115 1969 1553 
JA extension cord 5646 745 2811 2140 767 2614 1577 2325 2453 1486 1879 1148 
JA favor friend 4189 651 3209 1426 312 7756 794 1880 1512 950 628 2058 
JA hero sandwich 1885 2045 1330 3845 3862 3443 7041 2574 2345 2268 2396 3544 6132 
JA hobo man 6915 1741 4793 2377 1903 2730 1292 2596 6333 6632 2505 3723 
JA jury trial 3746 448 6013 2284 984 6057 1436 2624 2540 3502 3777 1966 
JA legend story 10160 748 2136 632 739 1512 1416 3887 338 1221 3742 1629 
JA mark spot 1097 3258 3300 3170 4032 530 1747 3227 1478 6072 3490 3404 707 
JA memorial service 1970 1804 2456 521 1514 3835 1555 2312 4387 2675 1808 5645 
JA mission goal 830 3052 1076 1832 3121 1854 3736 5244 825 5780 3532 2079 3357 
JA opportunity job 2030 3959 543 4259 885 15898 2549 3871 1283 2305 3233 2313 2140 
JA outlet electricity 1573 4401 1310 6443 753 8585 7256 10038 1957 2796 1485 2304 1832 
JA plaza mall 4060 1025 2377 623 747 2234 415 2117 758 913 1376 2679 
JA range distance 2307 4166 3389 2022 1042 688 2847 15495 1888 7567 1477 3011 2011 
JA rape victim 3058 2452 2493 7500 2112 5859 4581 6716 1694 3944 1630 5393 1856 
JA reason logic 5083 1928 6344 590 920 3372 1409 3240 2796 1427 530 2235 
JA seam stitch 12949 2423 696 4198 904 4579 1208 3721 2428 4187 1272 5375 
JA snot nose 1072 2836 14802 6418 2273 2667 8133 6960 984 2181 2030 3983 1929 
JA standard average 4311 6137 1376 7794 2088 2213 5370 6591 1064 3889 4032 5721 1750 
JA tablet aspirin 2419 2652 1314 2293 1029 2538 2090 7546 1515 4028 3674 2817 2060 
JA tent camp 3794 2416 7157 965 1377 5208 1415 2378 3347 1327 1119 536 
JA vein arm 3503 282 5947 1335 604 2701 635 2911 3997 1223 1645 765 
JA years age 842 895 497 6251 792 821 3081 6194 1948 18345 4011 1487 2917 
JA a alphabet 4912 696 5419 1651 1629 5726 1511 4753 2710 1347 605 647 
JA absence attendance 5232 2117 3799 411 733 5477 808 3906 3454 557 436 2575 
JA achievement college 4717 1849 3566 4641 1864 14342 1144 3231 6057 3726 3093 1498 
JA allergy dust 1415 1759 583 1744 2275 6625 6380 9280 4195 1979 3183 2964 1763 
JA alligator animal 6472 5962 4194 6242 1175 5196 7755 5153 801 2501 4039 11251 2458 
JA ankle bone 648 1581 1361 4288 730 1296 3523 9325 937 2431 2974 1580 1831 
JA ant anteater 4331 2682 1158 5277 1369 2171 881 3670 1735 1655 5692 1411 
JA antidote cure 4824 18958 5457 2886 1162 4998 558 2886 4947 2973 1209 335 
JA anxiety excitement 3247 921 4527 744 911 3674 630 9359 1544 939 506 1442 
JA assistance handicap 4615 1885 7630 4083 586 3176 1004 7083 2174 3773 1778 2060 
JA ax blood 993 2074 1510 2400 3254 812 9400 5801 931 3707 2892 4090 1347 
JA ballot box 4391 1431 5239 3344 1619 1988 3532 2792 2301 5136 4201 2809 
JA banana fruit 3749 9555 2800 1176 3321 2221 479 5589 2204 746 593 1658 
JA bandit burglar 922 2492 546 4367 1029 3007 3162 4047 479 4625 4934 2631 860 
JA banquet dinner 5285 1286 3603 2209 372 5560 572 2716 2157 506 532 4302 
JA baptist christian 1231 4038 1119 8076 2651 4104 4867 5475 27489 4584 3718 4041 2561 
JA bean bacon 3999 1130 877 1081 478 1756 476 2189 2389 1309 683 2945 
JA beet carrot 3980 322 1822 1231 1492 2762 461 2704 3624 4724 1964 1345 
JA berry blueberry 4517 801 6770 1454 538 5756 491 3929 7957 1171 747 262 
JA bishop chess 3495 895 3512 987 799 610 735 1605 3903 1283 598 1666 
JA blaze fire 837 2596 599 6026 930 19886 3929 2257 34377 6258 8542 3820 598 
JA boulder construction 3781 1545 4687 2051 1235 3474 5120 3442 1551 1764 1645 423 
JA bran cereal 3395 1387 3353 1090 2799 2985 1910 2580 4115 842 866 1450 
JA bride groom 1464 4861 673 2575 926 4081 14507 7064 601 2203 1654 2713 1652 
JA briefcase backpack 3435 1056 7321 1449 3219 3478 513 12064 4655 1561 1880 1658 
JA cab bus 2557 1418 4289 763 1576 6991 624 593 1264 532 1337 1265 
JA campaign candidate 595 2487 1325 3913 710 2761 4120 7570 308 2767 2405 13004 1651 
JA cashier clerk 4982 611 3590 625 1061 4517 494 2498 3635 2746 1581 3621 
JA castle england 5569 1284 7155 686 262 3220 984 2821 4267 1213 2031 566 
JA cave bat 674 5157 956 8138 1124 992 6051 8166 1761 5375 833 3832 1848 
JA celsius heat 1124 3343 575 3848 6171 1878 2084 5864 2072 1332 2869 2064 3274 
JA cent coin 2974 866 3775 848 436 9596 460 3766 5559 870 1840 368 
JA chart data 1100 2731 529 1146 700 6823 5974 3797 3163 2288 3071 1708 1743 
JA cheddar cheese 565 3468 842 7128 998 1389 2787 2849 424 3397 3705 2802 1539 
JA chemist biologist 1506 2781 659 4198 1570 5888 2856 6083 3085 3840 5015 1534 1702 
JA chili bowl 1120 3265 617 1620 2725 3452 2943 7847 27079 586 3727 1899 1719 
JA chill frost 4980 2053 2170 658 443 1913 418 2380 1152 839 525 1851 
JA chimney brick 1429 2831 2040 3359 2321 2689 3757 3992 1210 2233 4091 3541 2708 
JA citizen city 5236 1318 3148 2373 542 6868 760 11241 3303 4876 1233 1107 
JA climate atmosphere 615 3850 2051 3172 2801 3983 1871 6458 21944 5371 3083 1711 1815 
JA cloud cotton 2663 1212 2204 3988 806 4095 1345 1936 3466 12947 17178 2844 
JA cobweb spider 2027 2621 606 2145 1062 1844 3981 6872 3065 2433 3505 3215 444 
JA combination code 5160 539 4329 2188 649 4084 402 3538 1255 934 3239 368 
JA comet meteor 4412 2071 4593 597 1385 3739 726 4255 1195 1288 550 1681 
JA compassion emotion 4463 210 2434 3259 602 2599 1279 2871 3865 1598 1468 1025 
JA conscience honesty 2675 2983 2735 1743 732 2150 3258 6017 1945 8763 2869 3351 1697 
JA container bottle 1780 2000 1722 1020 866 2787 9323 4383 6839 5150 3667 1878 1717 
JA copier copy 718 2491 703 3432 1249 4754 3372 7746 1360 8895 3842 1681 1444 
JA cramp exercise 1051 2500 1396 4380 2408 581 3059 8442 1659 7803 3100 2413 4501 
JA crossing deer 6252 711 3006 5348 787 4808 1463 2609 2076 3598 1741 529 
JA cursive fluid 896 3377 797 3372 1768 1756 2511 3953 359 705 5024 4348 1052 
JA dandruff hair 4094 1183 2756 1044 1277 3526 1771 3599 606 6449 3359 2121 
JA darkness fear 1438 1471 2662 684 981 2541 537 3540 2679 1864 344 4353 
JA democrat donkey 5793 318 8567 1525 936 16704 3415 4003 3103 4491 1778 445 
JA denial disagreement 934 2696 1171 1481 1022 2573 3696 3551 808 5177 4574 2616 1366 
JA destiny dream 1313 900 825 2372 962 1737 2293 6478 248 5330 6516 2644 824 
JA dial clock 8547 1601 6125 604 1269 3433 1213 4995 9796 3315 1356 756 
JA digit calculator 1332 2860 570 5607 1601 4883 4151 2730 2196 4137 1968 3970 1628 
JA dwarf elf 499 3698 347 2311 1607 1624 2191 4930 1293 927 3674 1853 2963 
JA ear drum 727 1771 522 3309 1200 2082 3303 3326 691 1786 4458 1708 3695 
JA editor author 4207 823 4704 1313 568 2404 1096 3832 3530 822 835 400 
JA enemy adversary 2827 330 5300 1808 1112 3481 1102 2932 503 4153 3534 3664 
JA ethics morals 2928 930 4574 996 713 3269 1346 5675 2974 1194 1075 2806 
JA fame fortune 3270 413 2213 1145 585 5148 605 3999 2655 725 487 4186 
JA faucet leak 1068 3289 1305 2266 3395 9822 3127 7847 5140 5258 5871 1526 1154 
JA fingernail clippers 1132 2403 413 648 1515 1243 2993 9527 1906 4284 2638 1699 5414 
JA five dime 3386 4033 1670 2019 2753 624 7167 6320 1148 4632 2301 6673 2056 
JA flame candle 2921 3016 4591 1791 1681 8668 3296 5581 6133 2879 1064 553 
JA flavor cherry 2313 2500 519 8638 1428 4318 8069 3184 785 5915 1605 3860 1531 
JA foresight future 1180 6457 717 3408 1791 5837 3030 3010 1931 1498 3390 1590 2226 
JA four eight 5590 787 3617 1912 1798 8391 1825 2141 4824 660 1286 4729 
JA fugitive convict 853 2998 1399 2368 1491 769 2249 14621 237 2138 2554 3429 478 
JA gauze bandage 1007 3841 690 1706 4158 2984 4420 11827 2175 3906 2499 1764 2375 
JA hem dress 19678 3983 7134 4255 5032 5919 3880 23636 7027 2401 3343 6856 4342 
JA hostage crisis 4374 1850 2624 563 1174 4091 398 2327 5732 1732 794 299 
JA humor comedy 655 1611 639 6451 2418 2660 2611 4179 1303 3584 2791 1922 1355 
JA kin brother 1037 2809 942 9117 740 4223 2115 4547 203 1234 5001 1684 585 
JA kleenex napkin 7055 525 5006 1082 974 3351 753 3214 4924 2568 1326 354 
JA knot rope 1586 2262 858 3434 1150 10154 5479 5088 1267 2399 3103 3467 1625 
JA lava hawaii 779 1810 625 4432 673 3070 3087 5243 742 3343 5195 3706 573 
JA ledge balcony 4495 967 3981 1793 418 1709 1297 2464 5640 1590 868 2366 
JA level degree 4388 3345 6224 458 362 3135 1180 1932 8172 514 2611 490 
JA lump breast 1089 6780 701 2558 2352 2386 3108 13900 1072 5458 6789 1923 3145 
JA mask costume 598 1952 1703 1995 1791 1186 2809 6086 4835 2705 3084 1745 834 
JA needle haystack 4427 2883 1037 4243 900 3907 3744 2466 890 3626 1988 4604 2280 
JA ornament christmas 1762 2561 968 3784 1142 1696 2183 7442 807 2587 4222 3217 2144 
JA pail bucket 4071 5985 6603 4215 342 6260 2258 2410 2404 3102 1379 1986 
JA pan dish 1637 1851 1432 4701 1077 1387 2494 4458 872 2539 3471 3535 1577 
JA pasta salad 4879 2199 4562 2358 377 3784 638 2456 1323 3321 2422 1574 
JA pawn cross 4683 1494 6760 4073 2698 3294 1090 1623 1387 3515 3725 431 
JA platform deck 753 1610 651 1503 648 7798 1731 5840 1120 3322 5278 1932 445 
JA profit loss 1746 3477 1015 9111 1017 5673 7248 1934 333 1555 3934 4351 2117 
JA reminiscence memory 3099 1921 3399 3781 1159 3402 1647 5890 3515 3914 1252 1094 
JA ruby crystal 2750 2066 4999 1572 501 4971 1062 1830 3343 925 962 499 
JA salary fee 1833 678 3917 778 365 5194 1548 3685 1791 1160 3165 547 
JA servant butler 655 2485 1259 2294 2414 2880 1318 4038 240 3266 3440 3137 1149 
JA shoelace shoe 5572 891 3183 814 761 2486 424 2714 1011 616 365 942 
JA stereo blast 791 2472 773 4217 3227 4875 3381 3268 2104 2815 2678 1734 3504 
JA stump leg 782 705 1536 4318 848 3170 3159 12193 1214 4104 6331 3307 1493 
JA summit apex 4269 3647 4363 4667 1036 3535 464 2696 2569 1172 1365 2863 
JA sunrise dawn 1672 4191 599 2655 1120 4636 3528 13955 1788 6679 1041 4232 1842 
JA third base 1003 4196 2163 2924 3123 1294 3326 6656 958 1915 4128 4031 1711 
JA treasure chest 906 3744 896 3315 1149 635 1483 3797 438 2509 5752 1660 1882 
JA trot fox 3933 1629 3309 950 1912 2865 615 1294 936 1227 833 1954 
JA unit chapter 1362 3089 912 3425 1189 483 4554 6217 2449 4165 4921 5396 1404 
JA utensil fork 2569 1153 3055 399 326 5705 9409 4151 1587 936 1546 350 
JA vice grip 3047 211 2669 2498 281 2564 448 7639 1534 1237 1771 2711 
JA victor champion 5472 1310 3579 3847 1268 2432 783 8724 3565 6075 10034 6068 
JS ashtray smoke 7763 4180 3182 7739 1702 6557 2058 10870 5377 6340 7117 6233 
JS astronaut moon 1694 496 574 3190 883 3745 2942 1771 278 1679 1779 1315 408 
JS atlas world 1619 681 346 2585 1609 5104 3918 4030 2205 1291 714 1210 2521 
JS atom cell 6971 805 471 5168 1176 4648 4515 4255 1346 4481 2506 2668 1388 
JS bait worm 2496 749 2458 6195 1010 5983 4224 6875 4214 2796 1176 831 
JS bank robber 6712 688 2675 6903 1106 3676 4054 4979 1948 2109 2256 1898 
JS bassinet crib 5938 2165 2841 10109 4217 3142 3329 7468 1753 2130 3990 2795 
JS blackboard school 3593 1528 2965 7227 2354 5240 2265 5382 1576 3102 8856 2242 
JS climber tree 4580 496 6974 7353 1419 3228 2401 11364 748 8320 5591 2017 
JS cork screw 845 435 620 3993 1019 7152 2488 3388 752 3643 712 1382 965 
JS crayon red 1891 1295 2222 4594 2175 1360 2093 2991 1817 1852 1245 2382 
JS crust bread 3444 5775 3210 4712 2857 4014 9469 4231 5341 13091 4729 675 
JS dairy farm 4210 568 2551 5342 1896 1846 2872 5980 6684 1154 977 2080 
JS dandelion yellow 3171 1772 680 1211 924 14313 12016 3204 1017 2655 3525 2523 1390 
JS dilemma confusion 3295 1874 627 5972 1229 4361 5313 3171 439 1600 2158 1133 1271 
JS doorbell door 1415 753 1344 2338 896 5012 1415 3143 4347 1048 2578 1484 365 
JS draft army 2043 2835 993 1817 692 3209 3089 6540 321 3607 1942 5543 1331 
JS drove herd 4345 691 1593 3884 960 4348 1216 4997 1480 1482 3264 3409 547 
JS dune hill 1315 664 533 1353 1248 2006 1824 3369 1479 1995 2494 1788 549 
JS dustpan dirt 5877 836 935 3574 857 7046 3666 6753 609 2589 3425 2358 1546 
JS equation algebra 2357 1301 477 1933 912 3811 6535 7016 317 2446 1963 5903 1507 
JS famine death 4789 1118 2887 2849 10993 3481 3083 3505 5634 3318 1446 5419 
JS frosting chocolate 2348 2402 717 3277 2339 2598 1871 4908 690 1993 3038 741 1079 
JS glove hat 6159 1798 3056 13283 3589 3013 3289 5533 19850 5579 5391 1435 
JS granite stone 1584 704 898 2857 1238 2868 8131 2610 2577 4418 2130 4792 1160 
JS lather suds 3405 1307 3935 6135 9553 2891 4042 5831 2007 9290 1574 880 
JS league team 2092 1500 900 3591 6437 1144 2889 5300 777 1564 3604 2070 1162 
JS newsstand newspaper 2997 666 689 2178 932 3868 3605 2971 296 9127 3184 1618 1549 
JS oregano food 5144 872 2880 5716 1598 2858 4983 2968 1703 3101 2625 4138 
JS pasture green 5899 1013 2491 5471 1535 2610 2397 2687 4206 3051 773 3722 
JS peanut oil 5547 905 1138 3944 1271 760 4128 2450 1000 2601 1376 1883 1560 
JS pigeon statue 4579 1771 761 4543 2199 1440 3690 3560 1700 1766 1923 4225 15023 
JS pun word 4336 773 5246 8405 273 1716 2204 3168 3577 3220 1007 521 
JS reader student 4474 716 3866 9378 1867 4458 3881 2922 4948 3260 1683 8082 
JS revolution history 4841 1810 3446 4189 1292 3473 2299 10024 19505 2083 1981 3498 
JS rodeo cowboy 3845 1097 3772 10381 1955 5842 2605 11570 2445 3538 710 3726 
JS roman greek 6319 2209 4256 8249 2054 2939 4298 5438 4660 3262 3859 1051 
JS row oar 1687 1877 934 7596 1004 4522 8441 2318 573 1836 1721 1356 5643 
JS scissors knife 3004 1070 2226 4216 1547 2724 5938 3511 2339 2379 2845 410 
JS spool string 1386 419 1171 4196 531 12897 6196 5333 1170 1894 2295 2487 1386 
JS stethoscope heart 2635 1649 10032 9262 2108 4703 2475 6588 4869 1734 1744 2055 
JS stewardess lady 1895 2052 266 2922 933 5047 1789 5011 549 1577 2452 1618 296 
JS sty pig 4531 1433 3027 10351 963 6228 2862 3221 2429 3564 878 4436 
JS switch punishment 1159 1320 3797 2508 694 2326 1347 2810 1164 1067 1593 1254 1237 
JS tepee home 3704 1028 987 1795 939 2402 4808 9748 3376 2941 3147 2727 980 
JS thermometer sickness 8909 659 1277 2362 4597 3755 3569 2617 323 3628 2077 2841 1464 
JS throne chair 11121 12415 4287 8976 2547 4775 4861 3699 3274 3534 3554 7268 
JS touchdown rocket 6071 543 3235 4318 2067 4241 3132 5056 2706 5737 2885 582 
JS tusk tooth 3262 2131 3475 7832 2698 3491 4494 6451 3764 3611 2079 1516 
JS umbrella protection 3797 3338 398 1686 730 4855 2905 2419 653 1155 1125 4821 540 
JS vent anger 3017 4367 864 3468 999 2945 4496 4495 323 2699 1939 3375 1162 
JS vocabulary language 8483 2382 5926 5795 2094 4344 3628 4653 10029 7270 2808 1940 
JS yoke ox 3004 443 1108 5197 967 4705 4274 4080 878 491 2654 5216 389 
JS zenith top 4537 471 6914 6734 1228 3388 3584 4621 6382 3786 5929 2009 
JS ability work 3086 946 194 6308 1063 17470 3251 2901 14786 2012 2831 2367 3593 
JS agency company 3007 2016 435 1175 805 3342 4487 4072 2867 2016 2537 1709 393 
JS approval okay 2202 2416 226 4104 2026 4050 7395 3862 894 1581 3658 2120 1187 
JS area square 2167 563 1434 5713 886 23507 7250 4228 932 4418 2996 3561 6109 
JS article clothes 3579 1040 3582 11017 1484 3000 3944 4799 5818 3470 2285 3112 
JS background scenery 8156 1997 3930 5487 4576 3370 4697 5564 4714 3882 2860 865 
JS belief god 5513 1173 3282 8867 2199 2209 5981 4188 6468 6001 3361 1094 
JS bill name 6124 1128 3983 7740 2556 3039 5502 6501 6054 4969 944 616 
JS bond glue 4872 768 2105 10531 392 1300 4353 12469 2097 2768 3476 1109 
JS bottom end 6463 1064 8663 8504 1136 4174 8823 4593 4255 5166 1210 1785 
JS boundary line 1473 879 1361 3345 2016 15106 8197 3576 694 8722 2374 2121 1351 
JS bounty towel 2947 836 767 1780 961 4943 2684 4006 454 541 2960 4507 894 
JS bunch lot 3711 965 4982 4446 359 6047 2953 3623 4650 4868 6327 1881 
JS capability talent 6797 2087 3804 6618 2275 8121 4585 4725 7256 14983 4679 3546 
JS caution danger 4307 2532 771 1562 1184 6318 2562 3201 447 3775 2711 1879 1486 
JS circumstance evidence 4663 2378 3017 5096 1678 3877 4028 10077 16064 3223 3837 1899 
JS cleaner maid 1375 765 985 3073 688 6015 9595 2422 15724 1627 2631 4911 539 
JS coat winter 5252 4246 3553 8217 4229 4636 4807 5169 5762 2680 2822 1085 
JS community town 3267 829 950 9850 4312 4395 2764 3150 2283 1259 4793 2305 567 
JS component part 4226 2612 693 1039 1631 5986 20909 2452 647 5482 3561 2388 2206 
JS concept way 4459 3405 1450 4019 1617 12315 3453 4123 2502 2989 2021 4176 3065 
JS course class 3557 959 3950 5093 2750 7293 5818 5147 5400 4313 2149 3437 
JS court tennis 5692 2713 6181 10724 2555 4366 7210 5714 11876 8986 2147 5254 
JS crab meat 9229 1430 3375 10020 1526 2668 3846 8355 2103 3160 5071 5570 
JS crew ship 4454 451 436 2934 1370 3971 6846 2526 1448 1711 3874 1503 3333 
JS cupboard cup 1722 2479 1486 2451 986 4792 2711 7624 5880 2909 1996 2668 1529 
JS damage accident 6645 1596 2611 5699 2232 7670 11487 3247 18240 5295 1090 1365 
JS daughter sister 3061 2677 671 2930 623 6921 3007 12170 371 5075 1194 3114 549 
JS effect response 1363 1441 1158 3509 2450 10600 3676 2135 828 2872 13868 1561 834 
JS ego trip 2720 565 1156 2745 1140 3093 2431 2274 1139 866 1850 2902 170 
JS einstein science 4272 5101 3846 6294 4465 4408 3640 4610 4241 8485 2478 5603 
JS essence meaning 4168 411 3243 3508 633 2747 2608 14129 22732 2146 1233 1829 
JS extension cord 5633 773 615 2900 1001 12229 4927 4807 910 1756 3740 1769 1510 
JS favor friend 3957 1303 559 3407 642 9997 10188 4404 720 509 2957 1454 383 
JS hero sandwich 3117 789 6504 8568 1245 3595 9149 9186 3044 4804 1014 1615 
JS hobo man 2672 2072 1508 3462 936 3208 1825 4677 420 1232 1641 1264 429 
JS jury trial 2947 2810 1155 3006 1290 11770 4203 2728 997 1869 2153 2498 1309 
JS legend story 2367 1285 190 689 808 2923 3834 3433 2502 1848 1721 2948 439 
JS mark spot 6304 2340 3281 5466 967 4511 3501 3707 4957 2696 777 1533 
JS memorial service 2871 2336 627 1658 2742 5241 2264 1771 340 2873 1552 2986 11486 
JS mission goal 4786 622 3586 5950 1630 3763 4556 3988 21171 5709 1134 2256 
JS opportunity job 3361 1799 3974 9293 1832 4544 3016 15990 2360 3195 1936 1875 
JS outlet electricity 5459 1235 3162 5939 966 4648 2881 16720 3269 3117 1623 503 
JS plaza mall 5366 2449 566 696 1957 9476 3428 2543 1886 2626 1775 1278 200 
JS range distance 4355 1216 4600 5956 790 3134 4078 3153 2526 2338 3962 1626 
JS rape victim 4348 2967 3049 5444 1571 5675 3068 8067 2868 2745 2917 1959 
JS reason logic 2299 1686 375 2184 866 2802 2361 4543 661 1555 3134 1164 1424 
JS seam stitch 1610 1694 755 3901 1077 31948 4043 9818 1475 5118 3037 2782 2052 
JS snot nose 2428 1909 2846 9853 1303 1572 2393 2734 3328 2489 1138 527 
JS standard average 3185 588 4175 4927 1501 3780 2910 6304 27144 4446 1395 2209 
JS tablet aspirin 9107 946 3471 5660 3392 4366 4735 3281 4050 9967 3644 3251 
JS tent camp 4080 444 981 8174 720 7348 1776 8035 713 1375 2631 1618 17980 
JS vein arm 3834 2394 1200 2864 808 7491 1630 4362 892 3466 1972 2827 544 
JS years age 4001 872 2853 5389 312 1956 2825 3696 3437 6905 568 1105 
JS a alphabet 1592 3236 660 3631 698 1002 5111 2221 1143 1305 2797 2466 188 
JS absence attendance 3955 3639 592 6611 792 15698 2785 3939 5551 4313 3882 2640 442 
JS achievement college 6108 775 328 5841 797 16629 4426 2985 932 1599 4029 3345 15154 
JS allergy dust 4639 3060 3863 5907 2432 2500 3581 3761 1732 3088 2819 1606 
JS alligator animal 7657 1116 3288 9408 1958 2477 4103 7246 4416 2083 3721 1517 
JS ankle bone 2444 995 3960 7839 832 2385 2315 32291 8313 4629 7485 1017 
JS ant anteater 1893 5567 682 4330 946 23924 4608 4337 397 2333 3227 2186 2031 
JS antidote cure 10974 1808 1649 2836 1113 2825 10374 3761 171 1459 2356 1802 673 
JS anxiety excitement 4395 353 933 3013 642 3511 3338 2380 278 2282 4074 2478 9320 
JS assistance handicap 3262 3018 1629 2061 994 24817 3124 4933 1069 2835 1587 1767 552 
JS ax blood 5792 789 2813 4741 267 3436 2225 4179 3649 1731 2407 1210 
JS ballot box 2701 696 547 2228 1038 3108 2762 4797 786 2398 3424 1184 245 
JS banana fruit 2831 1872 547 2352 980 2969 6683 1642 416 2328 3012 2561 1498 
JS bandit burglar 5373 1872 3222 9326 1588 12596 2790 3332 6418 5390 3932 1965 
JS banquet dinner 4286 978 1585 4037 6703 5284 3682 6004 1268 3515 2385 2136 797 
JS baptist christian 5329 684 4796 8078 926 2663 4161 6373 5379 3977 2294 616 
JS bean bacon 2601 1842 1209 3760 1084 12068 4766 4369 636 1776 4208 2525 3659 
JS beet carrot 2327 2107 1685 2795 564 3742 6219 4378 296 1923 6835 4561 3412 
JS berry blueberry 2366 831 427 1980 748 10785 2963 3729 911 2051 1376 1646 1758 
JS bishop chess 3572 443 1120 2722 1585 17699 5897 5867 708 1182 5242 2717 599 
JS blaze fire 3877 3029 4555 3707 690 2251 2520 3953 3327 1428 32912 2329 
JS boulder construction 2431 678 447 5814 1147 6102 7433 3473 3044 2672 5566 2057 1746 
JS bran cereal 1062 740 852 4025 2414 4487 3540 3612 1752 2017 1826 1462 787 
JS bride groom 5817 1031 4006 3432 300 1769 2769 10917 4050 2476 1217 600 
JS briefcase backpack 3560 1747 1651 2194 1256 4466 2584 5925 7677 2855 1912 5526 1105 
JS cab bus 2670 1779 1025 1431 1030 4071 13251 4911 4891 3101 3027 2659 365 
JS campaign candidate 6321 968 5433 6912 2007 5053 4141 7758 18284 10396 3614 2071 
JS cashier clerk 3543 1980 565 3428 1013 2989 3602 4036 1213 4215 2146 1731 5157 
JS castle england 2199 2354 255 2614 798 3060 3765 3220 1222 928 2472 1793 1285 
JS cave bat 4182 873 9495 6219 1301 2414 3102 6465 12854 3402 1621 1143 
JS celsius heat 9309 816 4194 16244 6528 2608 4640 26568 12495 4065 3413 828 
JS cent coin 468 393 983 733 710 20049 11226 1587 473 1272 1839 1679 3344 
JS chart data 2639 1936 2833 5776 464 2547 1657 2825 3579 7616 3251 2226 
JS cheddar cheese 4102 1848 3806 4169 2491 2194 3007 5529 1375 2412 965 3650 
JS chemist biologist 5474 2284 11880 12441 1723 2132 2782 4830 2407 11016 3091 1150 
JS chili bowl 6655 2095 3187 11281 2095 2909 5195 3615 3926 3591 1772 2195 
JS chill frost 4919 1860 686 1800 726 3530 5688 2237 400 4082 2115 2839 1538 
JS chimney brick 3828 577 4699 5821 1408 5511 3494 9706 3518 6398 2236 1690 
JS citizen city 3836 925 649 4246 1007 5368 2504 7340 1622 2823 4600 3780 2337 
JS climate atmosphere 3046 1520 3868 5650 2934 2484 1737 3397 1342 4883 1627 707 
JS cloud cotton 1168 540 555 2378 799 2496 1813 2388 1306 1414 2427 3100 316 
JS cobweb spider 7235 1822 2237 11741 4448 7227 2364 4687 3544 2394 2679 529 
JS combination code 8466 1911 2106 3573 937 4795 10995 6827 427 1143 2088 1490 743 
JS comet meteor 2280 2479 2123 1839 1159 3172 3002 1170 481 1583 1969 1742 490 
JS compassion emotion 4900 1406 750 6921 2400 6533 4014 3947 397 2588 12983 1827 2088 
JS conscience honesty 7734 1223 3275 8665 1412 3607 4209 4808 8006 6173 1381 1556 
JS container bottle 3107 1181 2746 4480 760 1928 2920 9537 3939 3707 1186 2316 
JS copier copy 7374 1746 3193 4573 1116 3329 4526 4958 1430 6288 4599 5122 
JS cramp exercise 5075 1943 13574 10611 2330 4458 2714 9477 18024 2702 6914 1861 
JS crossing deer 1581 554 632 4154 722 3428 4019 2480 553 2015 2794 2258 931 
JS cursive fluid 4713 428 3263 15608 1365 5502 7667 6564 13019 5199 1061 1159 
JS dandruff hair 1439 550 961 2461 758 3119 2418 3577 913 2174 3382 1088 1086 
JS darkness fear 2642 2354 671 4241 1034 14635 2714 3571 590 2595 5872 3380 475 
JS democrat donkey 3898 780 1991 1536 1427 1864 2309 5215 400 1794 3960 2723 1128 
JS denial disagreement 5547 1190 4166 6332 689 6614 3688 5850 3491 3988 1750 441 
JS destiny dream 4884 2288 5356 6178 4016 3709 5121 5706 4456 4268 5257 1556 
JS dial clock 2996 199 706 2208 1898 3554 1129 4077 802 4008 2328 3322 2730 
JS digit calculator 4412 1527 4077 8339 2069 2117 6985 6009 8022 3977 2628 1294 
JS dwarf elf 4254 489 2422 4821 710 3920 3529 3677 7843 11256 3442 406 
JS ear drum 4115 656 4094 10297 595 6745 4390 3635 7058 2283 1140 2212 
JS editor author 2926 2916 1226 3632 3382 3729 2039 4358 1957 13880 2373 4861 2292 
JS enemy adversary 2005 539 571 854 2203 762 5114 3503 1479 1024 1425 1282 3358 
JS ethics morals 1453 1265 651 708 621 603 2150 1630 404 831 2178 1364 1693 
JS fame fortune 3494 426 534 5368 969 3120 3176 3193 1533 2315 2100 2316 449 
JS faucet leak 5995 1121 2759 5175 2170 3772 3484 4752 5149 8295 12300 3202 
JS fingernail clippers 4636 780 3215 7437 585 9329 2810 3112 5090 1856 452 309 
JS five dime 12818 947 3680 11233 1295 4005 4431 4385 4891 10520 2677 2991 
JS flame candle 1297 1774 533 4369 660 21154 2324 2361 721 1723 951 1412 495 
JS flavor cherry 3758 1018 3134 12305 1729 3437 3324 6128 12693 3535 13480 2330 
JS foresight future 4637 3247 2472 5358 3268 5649 5158 3973 5080 3862 2473 1996 
JS four eight 3771 2166 1894 3495 3785 6677 23265 4531 1085 3154 3913 5418 696 
JS fugitive convict 8797 574 4466 3807 972 4718 1947 3368 4412 2123 1136 1183 
JS gauze bandage 7483 933 3600 4060 716 2379 4242 5156 4264 6056 906 1553 
JS hem dress 9922 861 3149 5048 1741 2277 2777 3020 3015 2853 2742 305 
JS hostage crisis 2571 2094 840 2104 912 3297 3328 2537 1069 6270 2416 3378 3709 
JS humor comedy 3369 6567 3419 2819 1412 5413 6799 8361 3026 9499 4086 1069 
JS kin brother 2517 1315 2937 3569 2629 5956 1226 4032 7246 4788 4790 755 
JS kleenex napkin 3102 1197 940 2735 857 4058 1176 3541 2275 1787 3491 4444 727 
JS knot rope 6350 1085 7262 8535 4387 2809 9730 6813 5066 8984 1722 2708 
JS lava hawaii 5955 594 3336 3527 1287 2713 2215 4237 3543 2836 754 1682 
JS ledge balcony 3845 3004 1701 3590 837 13767 2763 6074 1269 3566 2448 2266 950 
JS level degree 3062 1974 463 3401 1107 4229 4647 1899 1107 1181 3223 2649 1025 
JS lump breast 6193 3708 4612 14182 1983 4756 6969 5954 3781 6252 1588 5466 
JS mask costume 3259 481 2827 10494 1181 2835 2427 11992 30983 2005 2792 412 
JS needle haystack 6115 1021 2710 7462 446 3811 4136 3833 13532 8170 2745 877 
JS ornament christmas 3476 1214 3711 5837 970 5002 2867 4851 3237 2712 2031 988 
JS pail bucket 1649 560 1120 1959 761 3152 5391 4023 539 749 2137 10037 844 
JS pan dish 3782 856 3261 7165 2344 3111 4046 3709 6391 3156 2779 1539 
JS pasta salad 3568 447 3391 5356 824 28501 6454 6018 434 2667 5303 1451 340 
JS pawn cross 2863 1031 770 3709 1236 4140 4547 3693 861 1594 7690 5059 271 
JS platform deck 7103 620 1824 4184 1839 7932 3259 4625 3057 5411 3132 1551 
JS profit loss 6370 1893 4211 6270 4134 4641 3774 9904 4415 7013 2946 1287 
JS reminiscence memory 2660 1167 841 3189 2177 3491 7799 4703 1566 2028 4215 2674 5572 
JS ruby crystal 1612 1516 1816 2549 866 3906 4840 1704 3415 1650 1978 1412 1205 
JS salary fee 5369 697 654 3268 1571 4347 6339 2649 362 1830 1687 1699 2394 
JS servant butler 7311 4076 5581 5087 3949 4679 4556 4131 3719 1483 6507 4766 
JS shoelace shoe 1760 404 922 986 2556 4395 2636 2476 759 1949 1542 2991 310 
JS stereo blast 4907 742 4870 10678 2191 2843 1454 2793 2625 9055 794 1640 
JS stump leg 4101 1846 3275 6751 7449 4078 3398 3943 6890 3599 502 802 
JS summit apex 1654 2244 1734 2472 637 6573 2843 6365 2978 3592 3659 2120 1554 
JS sunrise dawn 5536 1127 3824 11523 352 5150 3721 3138 4707 1866 3674 339 
JS third base 5350 546 4219 13973 2187 1900 6825 5795 7062 4671 8334 2376 
JS treasure chest 3948 351 4271 10884 355 2857 2859 3708 5328 3440 1035 1794 
JS trot fox 4087 2762 582 4463 1077 4217 5695 2867 391 2318 5295 2285 959 
JS unit chapter 3024 2715 2480 13046 3041 3291 5759 3970 5828 2711 2372 878 
JS utensil fork 1627 609 553 694 1121 1899 3160 3646 394 1821 2062 1639 324 
JS vice grip 2430 356 1562 3217 2098 5521 5676 4658 331 1713 2317 1967 340 
JS victor champion 1861 1722 2069 2631 2462 3692 5398 3662 339 1901 2724 1786 884 
