Date  Time  Subject  Score
090506  11:09 1  16
090506  14:05 2  19
090606  09:18 3  10
090606  10:58 4  24
090606  11:00 5  20
090606  12:07 6  20
090606  13:12 7  22
090606  15:03 8  19
090606  17:18 9  14
090606  18:28 10  24
090706  09:04 11  22
090706  09:04 11  22
090706  10:03 12  18
090706  10:55 13  18
090706  11:57 14  17
090706  12:59 15  23
090706  14:05 16  25
090706  14:20 17  21
090706  15:17 18  24
090706  17:23 19  21
090806  09:06 20  14
090806  10:15 21  17
090806  10:59 22  26
090806  10:58 23  28
090806  12:00 24  19
090806  12:10 25  24
090806  14:21 26  20
091106  11:07 27  16
091106  12:07 28  24
091106  14:04 29  23
091106  15:13 30  23
091106  14:58 31  24
091206  11:06 32  8
091206  11:59 33  21
091206  11:58 34  21
091206  12:40 35  20
091206  14:05 36  26
091206  16:03 37  20
091206  17:59 38  28
091306  09:10 39  17
091306  10:18 40  20
091306  13:04 41  17
091306  13:04 42  15
091306  14:04 43  22
091306  15:08 44  24
091306  16:10 45  19
091306  17:13 46  26
091406  08:58 47  23
091406  09:38 48  21
091406  13:58 49  20
091406  14:11 50  20
091506  10:07 51  22
091506  10:04 52  15
091506  12:04 53  21
091506  13:06 54  22
091806  15:32 56  16
091506  14:02 55  15
091806  16:02 57  13
091906  13:12 58  19
091906  17:09 59  18
092006  09:16 60  19
092006  13:15 61  23
092006  13:51 62  13
092006  15:04 63  26
092006  15:06 64  27
092106  12:03 65  17
032406  17:30 1  5
060206  09:01 30  26
060606  12:30 31  19
060706  08:36 32  21
060706  12:13 33  16
060806  11:56 34  20
060806  16:27 35  13
060906  12:06 36  15
061406  10:53 37  25
061506  16:13 38  14
062106  08:57 39  16
062106  11:58 40  27
062206  08:46 41  5
062206  12:02 42  21
062206  16:20 43  13
071206  14:06 44  27
071906  15:05 45  17
071906  16:37 46  25
072106  13:58 47  21
072706  10:23 48  18
072706  14:05 49  19
080206  09:03 50  25
080206  12:23 51  15
080206  13:47 52  24
080306  13:57 53  25
061406  12:23 101  16
062306  13:38 102  21
062406  16:33 103  22
062806  12:37 105  16
062806  17:41 106  4
062906  12:17 107  23
071106  10:00 108  10
071306  14:05 109  15
071806  08:06 110  29
071806  14:15 111  17
072506  13:52 112  28
072606  14:32 113  18
073106  09:34 115  22
073106  14:11 116  17
080106  08:35 117  21
080106  13:50 118  23
080106  14:28 119  20
072406  10:25 201  14
072406  12:00 202  12
072406  16:23 203  15
072606  10:08 204  16
072606  12:31 205  3
072606  15:42 206  21
072706  10:34 207  11
072706  12:12 208  7
072806  12:17 209  15
073106  12:08 210  5
073106  16:18 211  13
080306  10:03 212  22
080306  12:20 213  16
080306  12:50 214  20
040706  09:45 1  24
042106  12:37 2  18
042406  14:19 3  24
042406  15:31 4  21
042506  09:51 5  15
042506  11:06 6  25
042506  12:51 7  17
042506  14:09 8  24
042506  15:51 9  8
042606  09:34 10  12
042606  12:58 11  26
042606  14:04 12  20
042606  16:01 13  10
042706  08:09 14  13
042706  09:50 15  20
042706  12:41 16  23
042706  14:16 17  16
042706  15:45 18  13
042806  10:11 19  14
042806  12:30 20  17
050106  09:54 21  29
050106  12:30 22  21
050106  14:20 23  7
050106  15:30 24  28
050206  09:49 25  17
050206  11:10 26  22
050206  12:44 27  28
050206  13:59 28  20
050206  15:41 29  16
092106  16:13 66  22
092206  09:26 67  30
092606  13:06 68  25
092606  14:14 69  26
092606  16:09 71  20
092806  10:59 72  9
100506  09:00 87  16
100506  12:55 88  18

100306  09:45 78  23
100306  13:00 79  20
100306  13:56 80  19
100406  11:44 81  23
100406  12:22 82  21
100406  12:56 83  18
100406  13:24 84  14
100506  08:08 85  10
100506  08:58 86  13
100506  09:00 87  16
100506  12:55 88  18
100506  16:56 89  19
100606  09:59 90  20
100606  13:03 91  20
100906  14:00 92  24
101006  11:14 93  25
101006  11:01 94  23
101106  09:57 95  18
101106  15:06 96  22
101106  16:59 97  26
101206  08:53 98  20
101206  09:53 99  18
101206  12:58 100  24
101206  13:58 101  21
101206  14:57 102  16
101206  16:56 103  17
101306  09:57 104  18
101306  10:01 105  20
101306  14:06 106  9
101706  15:35 107  8
101806  10:00 108  25
101806  14:06 109  23
101906  14:43 110  16
101906  14:51 111  20
101906  15:59 112  17
101906  17:55 113  17
102006  14:01 114  17
102306  09:04 115  5
102306  09:51 116  11
102406  12:59 117  29
102406  13:46 118  16
102506  12:12 119  24
102506  15:01 120  12
102506  15:53 121  7
102606  08:06 122  16
102606  09:50 123  18
102606  09:56 124  18
102606  11:46 125  11
102606  11:52 126  9
102606  12:50 127  23
103106  10:51 128  15
103106  13:54 129  12
103106  14:55 131  27
110106  12:00 132  25
110106  12:56 133  20
110106  13:39 134  18
110106  16:00 135  25
110106  16:55 136  28
110306  10:56 138  17
110306  12:02 139  23
103106  13:59 130  21
110306  10:51 137  22
110306  12:51 140  19
110606  13:02 141  19
110706  09:56 142  23
110706  15:03 143  19
110806  11:54 144  22
110806  12:51 145  12
110806  13:04 146  2
110806  14:52 147  20
110806  15:46 148  20
110906  10:01 149  11
110906  12:54 150  20
110906  13:43 151  8
110906  16:34 152  18
111006  12:01 153  23
111006  12:53 154  25
112706  09:59 179  13
112706  11:58 180  20
112706  11:58 181  24
112706  13:46 182  29
112706  14:59 183  26
112806  08:51 184  24
112806  09:52 185  27
112806  10:52 186  22
112806  11:44 187  15
112806  12:51 188  27
112806  12:56 189  16
112806  13:59 190  22
112806  14:51 191  15
112806  16:49 192  16
112906  10:04 193  18
112906  10:55 194  21
112906  14:54 195  24
112906  12:55 196  23
113006  08:54 197  16
113006  10:09 198  19
113006  11:00 199  19
113006  12:57 200  16
113006  13:03 201  16
113006  13:58 202  7
113006  14:04 203  8
113006  14:58 204  24
113006  15:40 205  22
113006  16:58 206  17
120106  09:55 207  24
120106  10:03 208  22
120106  10:56 209  26
120106  11:02 210  23
120106  11:58 211  16
