011707  12:00 212  25
011707  13:51 213  26
011707  16:24 214  16
011707  16:23 215  24
011707  16:52 216  15
011807  10:01 217  18
011807  10:29 218  20
011807  14:51 219  24
011807  16:04 220  17
011807  16:04 221  21
011907  08:02 222  20
012207  09:02 223  13
012207  11:02 224  29
012207  15:45 225  26
012307  13:57 226  28
012407  09:40 227  24
013007  14:38 228  23
013107  14:53 229  21
020507  09:55 230  30
020607  14:59 231  20
020807  14:09 232  15
021207  08:05 233  21
021207  11:34 234  22
021207  12:35 235  21
021207  14:00 236  21
021307  14:56 237  17
021407  09:56 238  21
021507  13:51 239  17
022007  14:58 240  19
022107  09:57 241  23
022107  11:33 242  19
022107  14:50 243  17
022207  16:57 244  21
022607  11:42 245  18
022607  14:50 246  19
022707  14:04 247  14
022707  15:54 248  24
022807  09:58 249  16
022807  15:55 250  18
030107  10:10 251  15
030107  15:59 252  26
030507  12:49 253  6
030707  09:58 254  25
030707  11:57 255  13
030707  13:53 256  12
030707  14:54 257  20
030807  10:51 258  23
032007  14:50 259  20
032007  14:55 260  19
032107  08:54 261  18
032107  13:43 262  24
032107  14:50 263  24
032207  13:47 264  18
032807  08:09 265  18
032807  08:55 266  16
032807  11:55 267  26
032807  12:22 268  12
032807  12:51 269  18
032807  13:55 270  22
032807  13:57 271  27
032807  15:01 272  15
032807  16:59 273  12
032807  17:01 274  16
032907  15:51 275  5
032907  16:47 276  15
033007  08:06 277  27
040307  14:50 278  17
040407  09:58 280  12
040407  10:56 281  16
040407  13:55 282  16
040407  14:01 283  19
040407  14:35 284  24
040407  15:57 285  25
040407  17:00 286  15
040507  10:56 287  21
040507  13:49 288  16
040507  13:57 289  20
040507  14:45 290  19
040507  15:06 291  20
040607  08:48 292  22
041007  11:11 293  24
041007  14:50 294  12
041007  14:48 295  16
041007  15:54 296  15
041107  08:52 297  17
041107  10:01 298  25
041107  10:53 299  27
041107  11:45 300  14
041107  14:54 301  17
041107  15:54 302  22
041207  14:11 303  14
041207  15:03 304  15
041207  15:47 305  20
041207  15:51 306  25
041207  16:44 307  15
041307  08:52 308  16
041607  12:00 309  19
