30 56.6666666666667 60.5555555555556 78.8888888888889 18 18 18
31 45.1111111111111 52.2222222222222 64.1666666666667 18 18 18
32 68.0555555555556 71.2777777777778 85.0555555555556 18 18 18
33 70.5555555555556 80.5555555555556 88.8888888888889 18 18 18
34 74.4444444444444 79.4444444444444 85.5555555555556 18 18 18
35 65.0555555555556 64.3333333333333 77.8333333333333 18 18 18
36 50.7777777777778 50.6111111111111 65.5 18 18 18
37 42.6666666666667 49.1666666666667 69.7222222222222 18 18 18
38 58.1111111111111 57.7777777777778 65 18 18 18
39 65.2777777777778 64.1666666666667 75 18 18 18
40 39.9444444444444 48.7777777777778 53.7777777777778 18 18 18
41 63.8888888888889 73.3333333333333 76.6666666666667 18 18 18
42 79.1666666666667 86.9444444444444 93 18 18 18
43 90.2222222222222 88.3333333333333 94.9444444444444 18 18 18
45 82.8333333333333 87.1666666666667 90.6666666666667 18 18 18
46 52.7777777777778 63.8888888888889 69.1666666666667 18 18 18
47 71.9444444444444 71.1666666666667 92.5555555555556 18 18 18
49 64.4444444444444 69.4444444444444 77.5 18 18 18
50 52.8333333333333 55.8888888888889 64.5555555555556 18 18 18
51 60 72.7777777777778 81.1111111111111 18 18 18
52 46.2222222222222 43.3333333333333 53.0555555555556 18 18 18
53 50.6111111111111 52.8333333333333 66.7777777777778 18 18 18
48 66.8888888888889 64 80.2222222222222 18 18 18
44 36.9444444444444 55.2777777777778 60.5555555555556 18 18 18
54 75.5555555555556 75.5555555555556 83 18 18 18
55 62.1111111111111 65.8333333333333 81.7777777777778 18 18 18
56 68.1111111111111 51.1666666666667 69.0555555555556 18 18 18
57 34.1666666666667 47.2222222222222 58.8888888888889 18 18 18
58 57.0555555555556 61 75.5 18 18 18
60 68.3333333333333 73.8888888888889 97.7777777777778 18 18 18
61 33.0555555555556 36.3888888888889 46.9444444444444 18 18 18
62 41.6666666666667 34.1666666666667 39.1666666666667 18 18 18
63 50 45.8888888888889 76 18 18 18
64 76.1111111111111 76.6666666666667 81.9444444444444 18 18 18
65 63.0555555555556 65 83.6666666666667 18 18 18
66 44.7777777777778 48.0555555555556 64.4444444444444 18 18 18
67 44.5555555555556 46.8333333333333 56.1111111111111 18 18 18
68 72.5 74.7222222222222 86.9444444444444 18 18 18
69 51.8888888888889 56.3888888888889 67.2222222222222 18 18 18
69a 54.6666666666667 64.6111111111111 72.7777777777778 18 18 18
70 55.8333333333333 74.3333333333333 84.3333333333333 18 18 18
71 37.5555555555556 36.9444444444444 46.1111111111111 18 18 18
712 53.6111111111111 48.1666666666667 63.8888888888889 18 18 18
73 80.2777777777778 80.8333333333333 86.1111111111111 18 18 18
74 70 80 89.4444444444444 18 18 18
75 73.0555555555556 78.0555555555556 82.2222222222222 18 18 18
