JA ashtray cigarette 8702 4585 1748 1237 4338 4706 7312 6366 3076 6058 4506 3874 
JA astronaut space 9118 1641 1854 2476 8570 2758 2765 4448 1205 1104 1731 7762 1178 
JA atlas map 8529 2147 1672 1974 5075 10943 3058 2308 1525 3491 1623 3714 1446 
JA atom bomb 7316 2787 2788 2437 3179 2935 4364 2888 1402 2707 1809 5668 5563 
JA bait fish 6730 2858 1803 1275 2024 13680 6876 7187 2092 10056 8421 3044 
JA bank money 5414 8489 1724 1554 1316 6621 8558 6128 2447 1759 4443 3715 
JA bassinet baby 17834 7729 2504 1568 1374 6111 6303 6725 3346 4223 3077 2563 
JA blackboard chalk 8617 4953 1630 822 1514 5481 6361 6653 1745 3673 7229 3001 
JA climber mountain 6102 8151 2916 1252 1419 11257 6363 7731 2937 3186 3503 4271 
JA cork wine 5655 1934 1947 3018 3847 2735 2967 2515 1170 2931 2650 13505 2431 
JA crayon color 5996 6254 2090 1714 1243 7057 8270 8930 2816 5365 8724 8052 
JA crust pie 3437 3020 1930 906 1375 4297 5691 8600 2311 4246 4233 16824 
JA dairy milk 4016 4171 2579 502 1039 3649 6257 3951 1671 5187 4707 4776 
JA dandelion flower 7897 2529 2703 5037 4134 2035 4755 2473 949 14294 2785 4325 1882 
JA dilemma problem 7740 3365 1062 1428 10112 1934 7667 4886 1074 1688 3398 3157 2221 
JA doorbell ring 5710 4649 8009 2546 3660 4150 6093 5137 2221 2672 2841 5516 5688 
JA draft beer 10624 3469 5310 1241 4212 2490 2282 4623 1631 2132 2300 7898 2568 
JA drove car 7685 3408 1787 1737 2781 2719 3764 2137 1441 3263 2954 6980 1710 
JA dune sand 8977 3960 3271 2633 5363 2574 7489 2589 1443 1882 9103 5096 2824 
JA dustpan broom 5023 5625 4425 1791 8905 4540 2330 4359 1367 7248 2644 5037 1299 
JA equation math 10517 3496 5375 2751 4668 2741 5591 4259 2388 3403 2846 6442 4506 
JA famine hunger 6155 3473 2243 855 1653 8470 5858 8416 4146 8413 6529 6061 
JA frosting cake 10164 2552 3497 2368 3246 2690 3329 5097 1169 2384 3615 11447 2557 
JA glove hand 13267 3750 4673 1519 1220 6146 10665 7633 1847 4163 3964 11515 
JA granite rock 8655 2796 2063 2383 3013 20498 2287 4653 1111 2595 2401 3146 1968 
JA lather soap 8741 4238 2111 1573 2224 4510 6628 7853 3213 3920 6817 4043 
JA league baseball 4356 2688 25060 2187 9516 2362 2718 2576 1067 3328 2441 2580 2268 
JA newsstand paper 10480 2877 3306 2416 4754 2632 4206 3722 1783 4656 2338 14989 1546 
JA oregano spice 7877 3887 3687 2994 1606 3547 8194 10144 2386 3528 4580 4926 
JA pasture cow 9112 2946 2440 1435 1170 5597 5711 9075 3418 5010 3068 2319 
JA peanut butter 10857 2417 3220 1708 14792 2176 3191 4829 1382 3314 2427 5889 4478 
JA pigeon bird 15298 2827 4243 2007 4558 11309 7381 5085 1526 2784 2633 3522 3400 
JA pun joke 2370 2057 2512 1577 1442 3718 13869 5118 2430 3096 3848 4692 
JA reader book 5643 2493 2371 732 1023 3433 6501 8201 1989 6454 5928 6731 
JA revolution war 2896 3648 2775 1180 1347 4313 20013 11296 1923 2164 3551 2408 
JA rodeo horse 10556 4527 2254 1555 1240 4978 12910 9746 1538 2198 4731 9005 
JA roman empire 4560 4428 3473 729 1068 3168 10117 5491 2026 5900 4169 1562 
JA row boat 6399 2034 2442 2247 3655 5906 3389 3691 1981 2204 2493 5154 10144 
JA scissors cut 13528 3488 2984 678 1174 4123 12978 8414 3318 3646 5469 3971 
JA spool thread 3249 3481 719 1394 4573 2203 3035 3035 2252 2407 2362 2685 3197 
JA stethoscope doctor 5636 7938 1990 2441 1797 7084 7965 9450 3075 7717 5116 4241 
JA stewardess airplane 4688 3570 2112 2141 5039 18663 3411 8072 1364 2871 2760 6352 2218 
JA sty eye 4587 3594 3563 1799 1130 7101 7402 8631 2488 8976 4657 2146 
JA switch light 8050 3225 1456 1769 5469 2615 5262 2726 1372 3887 2791 7530 3017 
JA tepee indian 5589 3546 1760 5818 3687 2425 5218 3397 1628 2716 3790 6226 8786 
JA thermometer temperature 6011 3296 1613 2165 6005 2775 3847 6643 1314 1173 3788 8721 2007 
JA throne king 8929 7410 2906 1418 3190 7432 6601 7123 4206 5615 10309 9857 
JA touchdown football 9477 6748 2006 1180 7618 6032 6213 7941 4101 11425 6026 4968 
JA tusk elephant 3311 5215 2382 623 1370 4943 5133 7518 2934 2526 3866 6120 
JA umbrella rain 9396 2365 2678 3282 6470 2309 4020 2553 1198 1492 2893 6196 1664 
JA vent air 5126 1959 2186 1777 4578 3400 3650 3309 1965 2163 1789 4884 4323 
JA vocabulary words 4093 2121 2639 909 1335 2665 9919 7146 1576 5669 6406 10520 
JA yoke egg 11711 4391 2879 2082 11676 1560 4423 4204 1324 2434 2439 6663 2073 
JA zenith television 4022 10734 2688 648 1332 3681 6994 5668 3378 2477 4576 3972 
JA ability power 5258 2198 1575 3681 5741 1765 3749 2562 1155 1076 4082 12888 2065 
JA agency bureau 6228 3888 1977 2264 3662 7827 2725 4608 2042 1809 2143 3951 2398 
JA approval blessing 4104 1821 1409 1663 6064 1810 3491 3309 1193 3404 2022 4856 3275 
JA area field 14520 2238 2521 1690 7498 3695 4967 4903 940 1924 2872 3711 1233 
JA article piece 5294 3926 3112 882 1245 5579 11239 4722 2803 3084 2823 15923 
JA background noise 6013 3566 2394 1071 1591 7816 6722 4922 2121 2586 5072 6278 
JA belief feeling 6802 3759 2189 1946 2378 6028 6296 5501 8932 2988 5289 6689 
JA bill note 5092 3371 3524 1632 1106 17771 6501 14269 3700 2545 4912 2338 
JA bond chain 9667 4799 2768 1445 3179 11568 11104 10276 3134 4279 4884 4911 
JA bottom rear 2710 3912 2548 927 2407 4746 4744 4756 1992 3623 5009 3197 
JA boundary edge 5096 4127 9214 3710 7424 4241 4212 2542 1594 2269 1979 2597 6170 
JA bounty reward 6913 3496 3273 1717 10612 3831 4356 4442 2869 2862 2510 4120 1483 
JA bunch crowd 5094 4753 1874 936 1354 2977 7464 8758 3139 3206 6188 4417 
JA capability capacity 7110 4011 3194 1142 1304 3052 6576 12433 2316 3528 3236 7984 
JA caution care 2801 2525 4186 1501 2818 2258 2779 3435 1541 8762 2366 3949 3266 
JA circumstance condition 4123 5405 2308 1261 7578 12049 6036 7128 3307 2898 6393 6621 
JA cleaner detergent 5394 2316 2222 2950 7726 2403 27340 4227 1559 3923 4122 5849 5710 
JA coat paint 8885 5497 3432 1991 1208 4002 7578 6125 2152 10825 3642 6540 
JA community house 7064 4532 3404 2004 22864 5575 6635 3074 1319 2520 4220 5407 6214 
JA component element 4215 2712 1544 1330 2540 4438 3055 8731 1171 2152 23483 2827 1945 
JA concept thought 5830 5146 5750 1844 6897 2691 2696 7473 2267 5161 2228 5583 2530 
JA course track 3044 5451 2037 702 1071 3624 10217 5939 6994 9479 4024 10359 
JA court yard 7768 3366 3953 1478 2488 6220 7050 7457 1756 3485 7399 1775 
JA crab cancer 5195 5919 1562 1369 2026 7164 8869 11599 2241 5589 6489 5912 
JA crew gang 5999 3824 76672 2689 2967 5151 3400 3949 2131 5533 4239 6353 4973 
JA cupboard closet 8468 7003 1613 7439 3717 2335 5536 4836 1319 5528 2596 4473 6602 
JA damage harm 5536 7666 3157 1493 2053 12831 9608 11532 3363 3750 12158 3466 
JA daughter girl 12831 6261 2639 2193 5510 4453 3393 3945 1078 1816 1531 4986 5190 
JA effect outcome 8133 3046 1845 3286 7427 2943 5051 3880 2500 4885 4450 5252 4118 
JA ego self 6576 2247 2562 5137 3860 6188 4126 5212 2169 5937 2188 3772 4668 
JA einstein brain 4722 2364 1582 1291 2167 8742 6251 4203 2469 2642 3812 1465 
JA essence core 9326 3179 2451 1270 1492 4127 7440 8793 3099 5123 10639 4650 
JA extension addition 3311 2675 2001 3527 9872 3680 6310 5965 1842 2736 2795 3172 2893 
JA favor kindness 5341 5160 14286 3732 6440 5708 3073 8260 1654 2117 3508 5385 6136 
JA hero submarine 3680 4727 4419 1306 1172 4098 4517 4202 3773 6391 7087 3293 
JA hobo vagrant 12059 5413 2824 1734 3589 2285 4517 3916 1481 6013 2405 4819 6184 
JA jury panel 2244 2256 646 1825 4938 3050 10050 2779 1174 5265 5177 2790 5327 
JA legend fable 3041 2219 2765 1496 12256 2238 2719 2598 1244 2199 1994 3127 2236 
JA mark grade 5508 3246 1883 637 1114 5647 5328 11267 2424 4242 13359 1650 
JA memorial monument 4916 3765 1768 2599 9831 3947 4006 3910 1406 1874 2677 3360 8986 
JA mission assignment 17388 1901 4394 922 4177 7486 9282 9538 3276 5077 5573 13706 
JA opportunity possibility 7241 5964 1643 1295 1182 4851 7655 5169 2161 14012 5171 7885 
JA outlet exit 6660 3200 1901 1946 3986 5356 8227 16387 1798 9486 7176 4492 
JA plaza center 6142 2151 2618 1805 5941 19308 3751 4007 1072 12292 2073 2619 1568 
JA range limit 12651 6454 1328 2783 3483 4679 8432 8368 2176 3509 5499 3800 
JA rape violation 6575 4680 1873 1889 1435 8048 7249 5690 3099 10046 4982 7055 
JA reason intellect 2824 2090 5112 4753 8573 2452 2781 1899 1032 3405 3807 2600 2387 
JA seam crease 8492 6060 13312 2493 2314 2127 4806 3144 2067 4480 2467 3129 5069 
JA snot snob 6532 4013 2047 1333 2541 9070 7966 6446 2517 2878 6309 1742 
JA standard measure 7423 5337 2462 2338 2633 4377 6847 5745 7757 5203 4721 6201 
JA tablet pad 5085 5897 3513 541 1217 5292 7421 5676 2756 2848 3425 9578 
JA tent shelter 4218 2496 2468 1321 2976 2880 7491 3339 2809 1889 2789 7470 2374 
JA vein vessel 5605 2444 1584 4753 2848 6179 4165 2855 1279 3097 1735 5299 1965 
JA years life 19321 2049 3516 621 1249 3382 7865 6447 2771 1887 6193 17080 
JA a aardvark 4629 2320 1774 2269 6080 3174 2025 5902 1336 2153 3141 11598 2507 
JA absence abundance 9115 3897 5111 2384 4272 2428 3126 3922 1815 2305 3396 4328 1161 
JA achievement acid 13572 10779 3087 9996 2670 4106 4231 3068 1319 2752 3517 4602 6127 
JA allergy alley 5460 3558 2355 2958 1325 9938 7064 6304 3295 3119 7383 5767 
JA alligator almanac 12311 13590 2795 1230 1930 4717 8314 20211 3991 4110 8419 8310 
JA ankle answer 13725 3392 3175 1632 1136 2666 7073 10784 2297 3341 5350 10447 
JA ant anteater 9616 2927 1433 2145 4180 5777 4267 5268 1784 2603 2362 2585 3896 
JA antidote antique 7662 3042 1750 2979 3535 7016 6009 3385 2344 3106 4222 3860 1678 
JA anxiety antler 9303 2483 1409 2482 5223 2766 4756 2686 2002 1405 3915 5643 1210 
JA assistance assistant 7822 3938 13659 4967 4485 3677 4508 3096 1565 2461 3054 4274 4223 
JA ax awe 5265 3261 2141 1645 1166 3085 6668 9445 2975 4698 8611 5043 
JA ballot balloon 3906 7307 65895 5679 19985 6614 69948 4531 4671 4406 12566 15161 6823 
JA banana band 5530 1998 6828 2415 2599 2129 2565 4821 1817 2368 1731 4754 1123 
JA bandit bang 8544 5271 3377 791 1137 3676 10535 5069 2097 1960 4451 7031 
JA banquet banner 4117 2270 1786 1633 3742 5148 3096 2421 1585 1386 2030 8016 1290 
JA baptist bargain 6223 4278 1728 1633 2355 10237 8180 7367 2508 3304 5548 8242 
JA bean beard 4986 2367 2740 2401 12237 2334 4583 2329 1842 1608 11425 10703 2237 
JA beet beetle 15920 5338 1733 2883 5067 1714 4849 3776 1671 3261 2411 6225 5800 
JA berry benefit 9701 4922 2412 4009 4653 3411 6777 4857 2353 4461 3072 5945 2401 
JA bishop bison 8846 1847 1673 2561 5477 4680 5737 4608 1654 1944 1684 4403 1865 
JA blaze blender 3540 3607 1880 932 1135 5102 7628 12702 2016 7078 4940 1825 
JA boulder boulevard 8788 3871 3071 1824 4331 6491 3799 2717 1416 3519 1802 6082 2193 
JA bran branch 2807 3068 4202 2766 6055 2243 3448 3869 1800 6849 3196 4222 1720 
JA bride bridge 6484 4173 1679 2227 1645 4237 5684 13745 4654 1968 6971 6403 
JA briefcase bristle 6510 4611 2775 6953 12582 8033 5763 2885 1626 2387 2850 2990 3661 
JA cab cabbage 8372 2407 3919 1626 3353 2575 3235 4081 1318 1721 1940 3477 1378 
JA campaign campus 8387 4694 2444 1304 2048 5528 8910 7798 1710 2468 8978 7763 
JA cashier casket 5198 2351 1230 1831 2908 2222 2795 2622 1123 2037 1676 6046 1891 
JA castle catcher 6109 2895 14265 1621 3364 1791 6286 3091 955 1834 2038 2815 2694 
JA cave cause 6807 5261 2321 1465 2487 5542 7611 9636 1814 7138 6056 2237 
JA celsius cello 5514 4365 2354 1342 2797 4796 6910 12790 2987 6497 8292 3397 
JA cent century 10184 2075 1295 1562 4393 2273 2777 3169 2032 1853 2235 5326 1050 
JA chart charity 2395 3006 1428 947 1290 6865 6324 8419 2177 3001 11157 1906 
JA cheddar checkers 8925 1704 2773 700 1093 3599 4410 6051 1800 2526 5773 4088 
JA chemist chemistry 9677 5948 2219 598 1393 5782 6720 11331 3264 2522 8001 4279 
JA chili chief 10653 3328 1950 1519 1020 5243 8005 8688 2162 27283 4521 5172 
JA chill chime 3312 2821 5884 3142 19863 4774 3091 4795 1105 42163 2227 6274 1322 
JA chimney chimpanzee 3404 6417 2460 1271 1369 4647 13010 8558 1532 3643 4731 3265 
JA citizen circus 9454 4175 3074 2529 2376 1646 8710 2794 1654 2288 4713 4889 3225 
JA climate climax 7277 3399 1968 887 1574 3843 4734 3945 2215 3053 12050 4682 
JA cloud cloth 13789 6084 2124 2309 3078 2032 4219 3362 2102 2397 3073 3461 3737 
JA cobweb cocaine 6048 5303 2668 611 1383 3872 6251 5402 2296 2395 2298 9425 
JA combination comb 7771 2046 1660 1415 5286 3441 2614 4776 1096 3058 2187 4162 1858 
JA comet comma 5457 2686 7076 2342 3954 2627 3377 10399 1820 3911 3834 4256 2158 
JA compassion compass 4257 3157 6310 3316 9754 3755 3301 3982 1646 2954 3475 6410 4304 
JA conscience consequence 17305 4146 2247 1676 1931 6930 5783 4110 2472 4581 6769 4123 
JA container content 4443 5474 1774 708 1542 5020 10057 6628 1848 4741 10734 4999 
JA copier copper 7239 2185 6286 1334 1545 4049 16720 5977 3066 2390 4033 3795 
JA cramp crane 5659 5170 1651 1638 1894 4700 7209 13053 2829 4562 3868 4472 
JA crossing crow 11542 5980 8913 2582 4488 3338 3689 5047 1396 2507 3231 4622 2713 
JA cursive curtain 15123 6507 3334 509 982 3320 9143 5242 3242 8366 5626 5209 
JA dandruff dancer 7082 3504 2470 3087 3160 3272 3345 4474 2137 2015 4560 2710 2544 
JA darkness dart 8305 2112 2812 1933 9153 3810 3266 3137 851 8405 1647 3191 3542 
JA democrat democracy 8175 2568 1664 2257 4965 13762 8312 6694 2086 3361 3776 3702 4151 
JA denial denim 4719 9713 1870 952 1945 8154 7296 7986 2898 5915 12886 4089 
JA destiny dessert 6188 6751 4382 497 1488 2769 15791 6823 2853 7821 2267 3643 
JA dial diameter 5067 4837 2950 2775 6360 3534 5653 5751 1140 2998 4739 4783 4282 
JA digit dignity 13996 6125 1841 2110 2526 7762 10101 6534 3044 6980 9462 1696 
JA dwarf duty 7062 3199 3123 1449 1118 6122 6875 5765 2236 2397 2878 14797 
JA ear eagle 14509 5090 2014 604 1147 4990 17848 5321 1961 3438 4498 6889 
JA editor education 7615 2257 16359 1447 3099 3530 2774 8841 1033 2477 3325 5556 1567 
JA enemy energy 9799 2781 6810 1572 6482 3194 4389 2363 2431 11724 2561 4038 2847 
JA ethics eternity 4344 2147 2065 2677 5587 14944 7214 3938 1968 4174 5067 3449 2818 
JA fame faith 4644 2288 3254 1886 5604 2240 4753 5440 1560 1746 2565 3140 2252 
JA faucet fatigue 7400 5096 2498 1174 1165 8684 11480 10358 2769 12606 6543 2783 
JA fingernail file 5190 4168 2746 1201 1504 5051 7031 6554 6097 11480 5232 11241 
JA five fist 6564 14290 1719 2358 3638 17405 10268 18891 2627 3870 10527 8217 
JA flame flag 5658 3235 1241 2357 3353 2627 4319 4209 1079 2569 5227 3270 3186 
JA flavor flashlight 5724 4126 2366 1726 2838 5654 5325 6399 1993 3046 3576 4966 
JA foresight fool 16818 2507 2793 849 2071 5453 9134 9882 2272 4200 5856 4421 
JA four foundation 14037 5191 7003 1404 4715 2941 4485 4741 2475 3371 3815 4582 3243 
JA fugitive fudge 9222 2796 2670 1884 1662 5324 10074 13413 4638 4919 7269 7314 
JA gauze gathering 5481 9975 2207 1249 2859 4042 8771 6506 1632 8789 6672 5894 
JA hem hell 5271 7859 6759 2295 1883 7136 10677 7918 6951 3377 13920 9469 
JA hostage horror 7772 2248 2175 1584 2332 2225 4741 2750 1068 12447 2071 6282 2641 
JA humor hula 4361 3501 2765 2145 1291 5986 7594 7755 1737 3194 5220 4463 
JA kin kid 3270 5181 2469 859 1222 5306 6254 8058 4547 8635 3525 2530 
JA kleenex kite 4779 2187 1073 3937 4473 1776 2818 4248 1279 3114 2890 3489 2570 
JA knot knight 7368 4800 2857 1238 1142 2731 10243 9578 1729 3562 4067 6579 
JA lava latch 13134 2640 2683 649 1241 2937 14464 6539 3144 2990 4518 7091 
JA ledge lease 4086 4045 1000 4958 6736 3841 6779 4845 1454 2015 2559 15897 2174 
JA level lesson 5661 2182 2095 1756 6682 10473 3415 3985 1265 1897 2504 2313 1326 
JA lump lover 5500 3470 2683 1211 1032 4491 7037 8464 2669 4966 3467 10177 
JA mask marsh 3142 2120 2788 808 2436 6058 13010 4860 4738 3550 3928 1379 
JA needle navigator 4595 8685 2911 1434 1942 4655 5573 5304 2566 4487 12485 5863 
JA ornament ore 5924 2332 2454 984 1217 3242 5573 6672 2026 15452 6385 2248 
JA pail padding 3515 4013 2943 3299 3928 3852 5227 4070 3427 3310 2710 2926 3190 
JA pan pajamas 26174 2086 2874 1520 1451 4027 8755 7215 1801 2400 7937 2997 
JA pasta partner 8420 2654 7820 3563 2937 4519 10685 10305 1738 3479 1993 4912 3243 
JA pawn patrol 7310 4231 2235 7178 6350 7097 9003 6156 2437 3807 2223 4339 6892 
JA platform plaque 18830 1896 2591 1427 1172 4630 6278 14511 6154 3548 3032 18263 
JA profit producer 20655 4882 1910 1375 1826 3263 8619 8119 2017 1818 3976 2916 
JA reminiscence relief 3608 3515 3615 6705 8308 3624 8345 4452 1885 3311 2957 4293 2152 
JA ruby rot 6608 3630 10334 2378 8036 2089 10127 3683 1578 2166 2502 5237 1571 
JA salary sailing 5140 3244 1603 3706 3585 5018 4687 2331 1384 2257 1800 4658 1623 
JA servant sergeant 12658 3455 2250 2720 1930 8771 7027 8507 3039 12151 3102 4200 
JA shoelace shield 9060 2827 2236 2318 3494 2648 2135 6163 1112 1575 1675 3803 2880 
JA stereo steam 5861 2738 2722 812 1623 5088 6456 5330 3230 3401 5390 7017 
JA stump stroke 7802 4794 2758 1050 1321 4001 5067 4895 3311 5596 3067 1891 
JA summit suicide 9938 1953 7045 2114 3224 3917 4812 2023 1981 2599 5154 7995 2334 
JA sunrise suitcase 21903 3599 2861 1779 4467 10771 6988 14878 2945 3007 6463 4827 
JA third thesaurus 9337 4045 1892 1013 1783 6462 6868 8730 2326 3421 6259 5721 
JA treasure trance 5621 3136 2486 1438 4516 4411 5008 5057 2108 2499 7508 1774 
JA trot tribe 13751 1884 1696 1833 2844 3515 2963 4057 1417 3819 2868 5335 1227 
JA unit uncle 6427 15894 1979 1817 1541 6577 5259 7928 1829 4728 9188 1473 
JA utensil unicorn 4109 2112 1823 1588 2990 5152 3812 2602 1386 1585 1668 10491 1776 
JA vice vehicle 8444 4119 3183 1257 2868 2163 4278 2489 1251 1586 1679 3333 1138 
JA victor velocity 6749 9672 7662 4890 5785 2515 5005 3933 2723 3587 2507 6099 11369 
JS ashtray cigarette 11732 4788 5343 3081 5934 3008 5781 6895 1240 5540 1345 7552 3768 
JS astronaut space 4347 2362 2077 398 1571 5622 8889 5635 2061 4308 2604 2736 
JS atlas map 11437 1761 1843 418 3140 1272 7962 4877 1169 2231 2170 3781 
JS atom bomb 40705 2203 2481 1242 1688 2441 5633 5793 1718 8275 2975 8670 
JS bait fish 6809 3062 3829 3263 1787 5234 2353 5014 1724 2145 1831 2891 9960 
JS bank money 13802 3989 3085 2944 2193 3005 4207 7343 1816 17100 3105 9867 5655 
JS bassinet baby 3309 7926 13367 2932 3916 5437 3721 6856 3428 6269 1724 13395 5501 
JS blackboard chalk 4667 3495 5993 3742 5353 3572 4170 7150 1876 3404 2054 3886 3915 
JS climber mountain 35955 2885 2765 2290 19310 5924 4123 3851 2965 2931 3059 5370 9174 
JS cork wine 4223 1116 1539 464 1810 1393 7232 5030 1280 2423 6146 4012 
JS crayon color 6687 2122 3158 1697 8142 2932 3853 8637 1030 3092 1830 2627 2513 
JS crust pie 21463 4687 5553 6415 3290 2139 3516 6098 2909 4759 2077 7699 3246 
JS dairy milk 12052 4856 3630 4381 7776 1673 4963 4621 1004 1795 3748 3030 4907 
JS dandelion flower 74044 2089 2141 606 1566 1836 6229 5404 1575 3933 7690 11515 
JS dilemma problem 3216 2227 3094 3646 1488 1649 9813 6396 2044 5693 4319 4388 
JS doorbell ring 15033 2007 1564 2292 1224 1215 4278 3772 2234 4696 1916 2288 
JS draft beer 6545 2809 2203 1897 1519 2508 4978 7566 1634 4441 2358 3296 
JS drove car 4438 6086 3809 536 1831 3023 5359 7221 3155 2675 4072 2385 
JS dune sand 8241 2383 2195 388 1493 2839 7837 5667 2009 4350 4726 8059 
JS dustpan broom 15758 2817 3727 2037 1847 2530 4301 11596 2238 7754 4133 2507 
JS equation math 7511 3014 2071 1705 2403 2872 5679 6272 2452 5176 2624 18980 
JS famine hunger 19024 3560 5623 5917 2302 3112 7599 7025 2472 2071 2534 6827 4234 
JS frosting cake 6087 1590 3341 468 2985 2231 4713 9535 2327 7616 3341 2075 
JS glove hand 10398 4334 5908 5443 2765 2253 5733 14454 3985 7862 2443 15882 2935 
JS granite rock 4058 4138 2948 407 1364 1376 3494 5128 3213 2582 1827 4579 
JS lather soap 8375 3867 9688 19543 1705 3925 10687 8403 8583 5923 3998 8585 4461 
JS league baseball 5060 1641 2054 553 2451 1306 5133 7817 1928 3477 4250 2386 
JS newsstand paper 3304 6736 2213 388 1766 2454 4487 4570 2908 6267 3285 3960 
JS oregano spice 8612 3394 4069 4180 4963 2980 3396 5679 3768 3840 2183 10417 5126 
JS pasture cow 4580 4068 9414 2243 4177 4625 4296 7439 2309 3342 3388 5310 8352 
JS peanut butter 21679 1987 2210 802 1192 3087 7594 5746 1748 5661 3954 4236 
JS pigeon bird 16144 2811 2897 362 2029 5929 16531 5451 2827 3100 5122 6369 
JS pun joke 13034 2230 5138 3733 4543 3830 3199 4958 2905 3613 2002 4028 5651 
JS reader book 16634 3129 4326 4607 1965 4909 8074 8716 4474 6255 2322 7752 4058 
JS revolution war 5251 9364 5408 3305 2051 3213 5641 8359 2454 5682 1255 9863 6464 
JS rodeo horse 15878 2757 5649 2411 2610 3625 6020 8435 1885 5675 2748 4910 2333 
JS roman empire 21330 3069 9329 3816 8811 32919 2862 12562 4035 3258 1888 7684 5340 
JS row boat 2861 3068 2443 560 1696 3114 6049 5244 2481 5298 2281 2938 
JS scissors cut 11518 2618 4450 2209 14404 4115 3807 4789 2205 2399 1500 4170 5408 
JS spool thread 26445 2695 2409 568 1992 3000 4410 7361 2699 4667 3221 6933 
JS stethoscope doctor 10328 2721 3818 2824 5428 6197 3731 5256 1605 4101 2144 3154 9638 
JS stewardess airplane 14608 2384 2068 449 1412 2306 6191 5575 3489 6136 3629 5089 
JS sty eye 8050 4412 3596 6601 14747 3254 5160 4618 2718 4387 2552 3939 7179 
JS switch light 13747 4233 2281 462 3372 2545 7220 4908 3006 4113 2495 1687 
JS tepee indian 4907 2494 3113 1152 4955 1409 5428 4681 2198 6313 3922 2126 
JS thermometer temperature 11541 2536 2489 1979 7399 2922 20703 6594 2866 10979 9696 3528 
JS throne king 16083 4977 23979 4235 1170 7276 3058 4446 3347 2299 2903 3327 3889 
JS touchdown football 12120 2433 6197 6481 5908 4845 5062 5744 2360 4244 2764 6103 4578 
JS tusk elephant 11255 3123 4070 6077 2211 2222 5889 6289 6530 2865 3772 7281 9598 
JS umbrella rain 3076 2495 2789 565 1826 2578 4886 8844 3199 3650 3955 11754 
JS vent air 8427 6624 2316 860 3243 1996 6772 7977 3147 2761 4655 2947 
JS vocabulary words 11993 8817 12751 3000 4204 10578 3475 6811 2498 3035 2996 5361 8225 
JS yoke egg 6657 3902 2532 773 2334 2015 6714 8055 2669 3751 2485 2250 
JS zenith television 6131 2428 5656 4497 5349 5883 5481 10627 2575 4864 1697 2704 5017 
JS ability power 2713 2008 2805 408 1509 1274 4883 9328 1742 9516 2410 2015 
JS agency bureau 2452 1894 1948 1629 1690 1702 22541 4414 1991 5841 4058 2857 
JS approval blessing 3462 1883 2285 620 1261 1916 3546 6453 2107 3144 2431 6769 
JS area field 4376 2849 2881 407 3359 3212 7583 6867 2109 8138 5513 2292 
JS article piece 6620 4148 5070 6923 5403 10340 3756 7155 2415 4660 2790 11717 2791 
JS background noise 11297 5831 12352 7548 3110 4984 7306 7028 3676 3148 1804 6739 5990 
JS belief feeling 19884 4782 7916 5436 5388 13218 3640 17652 2687 3011 1808 5691 4767 
JS bill note 19362 10538 8016 5118 6494 5498 4708 10518 3401 4655 4922 8357 7162 
JS bond chain 8163 3492 2935 3621 3293 2494 3341 5906 1785 8181 2549 3367 5462 
JS bottom rear 14862 2845 22638 3013 1997 4034 3647 6734 2576 2810 2531 9673 5616 
JS boundary edge 5573 4649 3557 730 1500 2583 11418 5914 2195 6118 4630 7778 
JS bounty reward 8154 2223 2340 409 2338 3527 9516 10232 3884 4668 2973 2960 
JS bunch crowd 14787 2736 2769 4547 3063 5344 3758 5967 3072 5194 2777 5301 5806 
JS capability capacity 6561 4055 3899 4823 4199 6065 4596 9634 5057 4450 3372 6665 7110 
JS caution care 25719 2205 2733 2014 2194 2337 4287 4490 4134 5180 2950 1412 
JS circumstance condition 9990 4432 13088 5319 2964 5126 5888 16865 6291 3314 2990 6254 3743 
JS cleaner detergent 4064 3671 3819 656 1463 1346 7296 8190 2114 5640 6815 4091 
JS coat paint 10164 3606 6432 3701 3193 10071 4062 14817 2565 3367 2503 4039 5747 
JS community house 4290 4722 2373 456 3112 1225 5800 3471 2632 6333 5108 8524 
JS component element 4665 3729 2817 1338 2453 1878 28425 7904 2624 5440 9442 4481 
JS concept thought 6168 3756 2450 1682 2749 2266 6770 11512 3901 6941 5320 4905 
JS course track 11437 2792 5850 3642 3771 12253 4576 7146 2721 3138 1749 12875 3207 
JS court yard 20323 4335 5931 3412 4885 3653 4499 12107 3523 4155 2562 5714 4221 
JS crab cancer 14404 3878 4754 4134 8725 4784 3124 8992 3764 4825 1579 3884 4695 
JS crew gang 5419 2031 4031 1280 1495 2066 6446 6847 12673 5555 8514 6647 
JS cupboard closet 14713 2259 3139 543 2333 2895 6544 4385 2356 4331 2924 4638 
JS damage harm 15031 4100 4721 7788 8605 4199 4867 6937 4436 4240 2525 32607 5839 
JS daughter girl 13170 2540 2708 1746 2572 2046 8327 5815 2559 5213 5267 3667 
JS effect outcome 11995 3761 2998 1483 1802 3501 5103 6059 2983 16811 7602 2668 
JS ego self 3359 3471 3285 419 1787 2220 5653 4622 2031 4417 3140 1641 
JS einstein brain 10817 5455 6221 6220 2325 3094 5013 8641 2788 2906 4614 3915 7195 
JS essence core 13076 3450 5474 4768 2593 4315 4380 6440 3392 20886 2327 12270 7183 
JS extension addition 19580 4152 2008 1728 1818 2473 4295 5877 1890 8616 4445 5569 
JS favor kindness 9216 3889 3836 3082 1375 3291 6221 5072 2908 4260 3797 2553 
JS hero submarine 20669 6072 3038 5969 28867 11197 2745 12025 2428 5978 2407 5583 5296 
JS hobo vagrant 3141 6140 2667 523 2365 2529 6328 7100 1968 3568 4072 1903 
JS jury panel 9486 2102 1956 1002 2148 1904 8131 4943 2773 4785 4441 2429 
JS legend fable 2231 4664 3885 535 1564 3615 3926 4636 1726 2906 4193 2751 
JS mark grade 6173 5099 6395 4660 2355 2671 3332 7328 2518 2480 2312 12597 7104 
JS memorial monument 3927 2082 3198 604 1201 1420 9537 6222 2020 6402 6964 2558 
JS mission assignment 8725 2121 6906 3594 7086 4652 8561 4636 1504 11284 2477 4401 15721 
JS opportunity possibility 12228 4365 3646 2506 3893 6393 7397 6947 1040 3297 1531 3526 5433 
JS outlet exit 5311 3959 8707 4281 3968 11071 4436 12241 1438 2763 1475 14448 3166 
JS plaza center 2820 3628 2657 408 1458 1298 10314 6627 2124 3674 2141 1603 
JS range limit 7548 3361 3170 5847 3804 2850 7634 19175 7428 2251 2997 4884 3049 
JS rape violation 25586 6505 7943 9846 6311 2205 2980 9777 3039 3312 4663 7981 2618 
JS reason intellect 5908 2081 2582 575 1482 2056 3489 5499 1476 4829 2308 1515 
JS seam crease 3301 1938 2208 444 1404 2621 4012 7856 3244 3482 4302 10845 
JS snot snob 6206 3006 3722 3247 3341 2145 2427 5195 1696 1982 1802 3136 4847 
JS standard measure 12437 3893 7082 3197 1920 7615 5921 7761 10551 4046 3818 3737 2989 
JS tablet pad 28869 4506 5781 8098 2899 6333 3027 8730 4596 14678 2070 7682 4201 
JS tent shelter 3530 2823 2816 1354 1253 1770 8748 5184 2131 4620 2791 1481 
JS vein vessel 6197 7984 2354 1487 1977 1789 6564 5651 2310 5141 4242 8349 
JS years life 5923 3457 4421 4835 7807 2595 4319 7319 1585 8367 1898 5004 2570 
JS a aardvark 3556 3948 2994 478 2489 3630 8383 7066 6257 4448 3405 1545 
JS absence abundance 4179 3494 3688 403 3843 3453 8036 10985 3447 4139 5500 5841 
JS achievement acid 7985 2537 2479 1485 1416 1550 5919 6126 2185 5889 3211 4477 
JS allergy alley 3268 8560 5415 7272 2828 4015 4257 4478 3856 2870 1451 9774 3723 
JS alligator almanac 12487 4089 15673 3104 2449 4954 6994 5618 2309 2266 1757 6824 6446 
JS ankle answer 14105 4463 3148 2257 3296 5085 8146 4804 2519 3192 2860 4286 6702 
JS ant anteater 4878 5324 3382 1371 1187 1936 5899 6819 3560 7772 7242 2103 
JS antidote antique 17771 2591 3588 1356 2569 1423 8331 5502 2330 6449 3266 3988 
JS anxiety antler 15395 4375 3405 1021 1201 3889 8605 5426 2390 7110 3606 2426 
JS assistance assistant 30855 1546 1672 1382 2158 2839 4639 5998 2521 3997 3929 6364 
JS ax awe 8290 3326 2564 4435 4051 2996 4271 7246 8469 5077 1888 12691 3052 
JS ballot balloon 9621 1585 1733 427 1994 2239 5353 4162 1753 4739 3050 3476 
JS banana band 5859 2689 3440 537 1210 1488 4320 5687 1454 9419 2972 5029 
JS bandit bang 5848 3465 7065 5338 8100 3645 3998 6258 1990 6075 3449 13279 7933 
JS banquet banner 49452 2508 2784 395 1446 2289 3827 5631 2226 7012 2496 4409 
JS baptist bargain 18567 3117 6513 3075 7076 2296 6634 6406 1788 2220 1434 2853 6794 
JS bean beard 23196 4040 3003 472 1226 3805 6672 7215 2735 4167 4153 2876 
JS beet beetle 16151 3315 3025 507 1205 2744 5080 6150 2976 6940 2628 3594 
JS berry benefit 12911 3480 2986 446 1633 1820 4792 5056 2543 3597 3722 1597 
JS bishop bison 13024 2365 2451 644 2042 3025 7399 5271 1952 6855 3369 4299 
JS blaze blender 8043 3333 27486 2221 6276 3156 3089 6858 1790 2186 7366 5822 2615 
JS boulder boulevard 3733 2875 3878 646 1913 2573 6755 8406 1825 4576 5301 6444 
JS bran branch 5788 2009 1815 1636 1435 2070 4690 7180 7582 2721 2596 4277 
JS bride bridge 19528 3822 5681 2382 3167 1499 3548 7223 1583 4194 1737 26193 5082 
JS briefcase bristle 4462 4411 3191 423 2659 3677 5418 4593 2309 3850 6134 3579 
JS cab cabbage 10945 5575 3005 459 1818 1335 4691 7055 1583 4407 5085 4002 
JS campaign campus 21349 2608 4783 3505 3767 3631 5699 11103 2075 3937 1137 11638 5722 
JS cashier casket 17044 1547 2676 1352 2048 1258 6578 9961 2140 4957 2516 1852 
JS castle catcher 2945 1683 2059 525 1467 3383 7291 4677 4152 7658 2168 4576 
JS cave cause 6356 2984 3431 3571 2669 3104 3767 10365 2608 2865 2201 6287 3143 
JS celsius cello 3118 4272 4734 9366 5301 2705 6043 10502 15285 3267 3487 11980 6200 
JS cent century 3466 3929 1780 401 1230 2786 5022 8517 1595 4740 3372 15034 
JS chart charity 12431 6886 8497 4213 5345 2766 3103 6679 1048 2747 1324 3867 3838 
JS cheddar checkers 9084 12619 8199 2414 2411 2651 3371 9977 1494 1764 2036 3470 3255 
JS chemist chemistry 7917 3167 7120 2137 6148 6670 2906 4705 1972 4393 6010 2824 3644 
JS chili chief 17371 4053 6231 6019 1322 1786 9855 8864 4226 4709 4748 3884 4849 
JS chill chime 5106 2406 2905 1198 1992 1833 7190 8507 2181 5726 4936 4355 
JS chimney chimpanzee 12376 4704 8042 2988 8141 4481 4007 6238 1405 8278 2484 5185 7711 
JS citizen circus 5608 3035 2366 501 2369 2096 4152 7046 1831 6883 2879 2804 
JS climate climax 18377 4788 2985 10960 2539 1914 6765 5515 1986 4297 2022 11174 3022 
JS cloud cloth 46452 5916 3499 2032 2144 2316 9032 8634 1905 3636 5832 4667 
JS cobweb cocaine 7901 3458 5945 3835 5312 7585 4405 6113 2752 2431 2628 7590 5581 
JS combination comb 3417 2652 2810 566 1474 2093 6752 11013 4036 10401 8561 6372 
JS comet comma 6068 1481 2058 470 1330 1661 4359 4645 1573 3433 2059 2484 
JS compassion compass 2609 4662 2034 477 1334 1586 4655 5408 2901 14080 4762 2223 
JS conscience consequence 7951 6729 4585 2616 3523 4757 4727 9809 3123 3373 2374 3879 7418 
JS container content 8984 7713 6758 3574 3409 3973 3146 4533 1622 4756 2359 3261 3931 
JS copier copper 33451 6485 5874 3099 5862 2949 4395 6223 1556 2131 2010 3884 5279 
JS cramp crane 10733 3079 8131 5585 2117 2607 5640 7015 2592 3561 2228 6071 3247 
JS crossing crow 5923 1945 3087 384 1511 4672 7719 5497 2246 2913 2594 4780 
JS cursive curtain 21783 3855 3320 8131 3320 3471 6657 5946 3079 3315 2582 5631 5566 
JS dandruff dancer 4535 2872 2872 546 1520 1953 5208 8113 1922 3074 4680 1893 
JS darkness dart 4356 1991 2264 478 1478 2683 6714 8427 2246 5305 3293 10431 
JS democrat democracy 5805 2736 2579 466 2259 2381 7280 4754 2634 3015 2717 7269 
JS denial denim 18400 3694 3215 8770 8105 5086 5263 6827 3514 2902 3220 7274 4591 
JS destiny dessert 2858 7223 4962 8845 7598 8821 12279 14276 2663 16811 1870 5576 9345 
JS dial diameter 2882 3085 3474 525 1280 2466 6489 4467 2508 3069 2784 3107 
JS digit dignity 7255 2527 6750 3703 3212 2508 6028 10130 1570 6440 3431 7556 2518 
JS dwarf duty 15005 2084 6133 4171 2644 2876 4047 8616 3455 2576 1379 3817 5985 
JS ear eagle 16218 4394 4279 3062 2656 2580 6167 4962 1537 2865 2072 4626 5292 
JS editor education 2777 1799 4323 430 3120 3561 6038 7182 2668 9726 5227 3831 
JS enemy energy 4282 3823 4021 1244 1495 2216 3452 4678 1715 2536 3516 2507 
JS ethics eternity 2912 2362 2087 606 1436 1257 3063 3876 2255 2363 2378 3092 
JS fame faith 5154 2818 2571 858 2090 1293 7946 8296 6778 5106 8329 1949 
JS faucet fatigue 14390 3670 4183 3674 45790 2330 5274 12243 2057 3140 1965 3094 5755 
JS fingernail file 4940 6765 4282 1971 6124 12038 3164 6138 1446 4114 5603 5180 7002 
JS five fist 13079 2504 5162 7672 5734 6615 6110 7009 4011 3933 3096 9666 4513 
JS flame flag 5428 1581 1643 1164 1452 1291 4051 5116 3547 2425 3207 6450 
JS flavor flashlight 14922 3157 5353 7085 1610 2277 3485 18536 1588 3600 2390 10321 7926 
JS foresight fool 8639 6847 15063 3364 7948 6655 6278 9277 5823 3448 3571 5376 4908 
JS four foundation 5400 5952 3147 539 3213 3195 5149 6919 1675 3604 3564 4288 
JS fugitive fudge 7550 5544 9836 3259 5213 6166 3445 6756 1778 3274 1854 4026 3699 
JS gauze gathering 8141 3163 4674 2346 8521 5305 2791 5732 1213 2639 2937 2946 3704 
JS hem hell 10368 2254 2815 2962 2598 2284 3877 9124 1552 2952 1630 3353 3676 
JS hostage horror 25106 2422 3092 4027 3278 2668 5436 9344 4892 8469 8895 4839 
JS humor hula 9419 4770 16305 3561 1999 3229 4264 7164 3664 3782 1913 7714 3495 
JS kin kid 9581 2365 2435 2437 3403 2348 2635 7483 3110 3235 2214 3796 8208 
JS kleenex kite 6218 3094 1983 645 1668 1986 14732 3744 1874 6633 3516 2084 
JS knot knight 19905 7891 11446 4980 4278 3621 10576 17943 5318 3167 2087 6963 6477 
JS lava latch 13444 3193 10007 4496 3075 3100 4436 5775 2206 2788 1946 3908 3820 
JS ledge lease 5298 3824 2962 427 1952 3709 5921 5569 1566 29438 3112 5892 
JS level lesson 6922 1698 2928 1510 1430 1314 3685 5172 2436 3325 3467 6775 
JS lump lover 14295 5459 8061 5255 2835 2128 6969 9524 8688 4940 3546 8077 3759 
JS mask marsh 10881 3562 2696 3343 2429 1828 3467 2786 1313 2017 4137 2864 3299 
JS needle navigator 21214 3492 3938 4182 2370 3290 3084 3508 3711 3807 2580 9329 3888 
JS ornament ore 4031 2399 2973 2158 1480 3738 2703 5654 1872 2984 1954 3044 7163 
JS pail padding 7412 2956 2482 745 1176 3495 4028 4823 3230 2789 3002 1868 
JS pan pajamas 6321 13541 7633 6611 5161 1525 5243 5966 3199 5001 2808 5926 3934 
JS pasta partner 22516 1802 2133 480 2549 2473 4479 3476 1402 9421 2436 1703 
JS pawn patrol 4922 4506 3571 450 1174 1962 5188 7417 3281 10239 6364 5090 
JS platform plaque 10780 3663 6743 4093 2169 10282 4480 12486 1975 6010 2347 6089 2679 
JS profit producer 16431 9937 12352 11585 5971 4640 3574 6376 3201 18309 4497 6061 5195 
JS reminiscence relief 8466 3046 2717 615 1408 1327 5762 6347 3883 4987 3997 2658 
JS ruby rot 6866 2024 1316 474 1819 1645 4168 3200 2630 4070 4465 4732 
JS salary sailing 3591 1930 2696 734 3935 1263 6973 7610 3058 3583 1971 1534 
JS servant sergeant 5280 11280 12844 3827 4799 3620 9677 10225 3883 4351 3918 9287 9585 
JS shoelace shield 2645 2591 1998 423 2000 1315 3361 5400 2630 4439 3301 4478 
JS stereo steam 15013 2468 2359 3057 9465 6810 4395 5607 7497 2852 6621 3628 5709 
JS stump stroke 7188 3709 5557 5579 3599 2948 5561 5910 3365 4525 2802 6541 5710 
JS summit suicide 7057 2476 3876 879 2237 2510 5965 7776 2732 3521 4231 4112 
JS sunrise suitcase 11828 3790 5641 2957 2955 1979 4661 8287 2173 7709 1717 7187 5006 
JS third thesaurus 18593 3041 5862 4171 3736 3329 6915 11344 1708 6221 4059 5082 4831 
JS treasure trance 8676 2799 3788 2922 3416 5675 4086 3468 1706 2607 2431 3716 5280 
JS trot tribe 7110 3498 2930 777 2059 2873 5380 4418 2162 5812 6697 1472 
JS unit uncle 38693 4143 4576 2694 5960 2037 4242 4554 2576 4056 3683 11192 3912 
JS utensil unicorn 11189 1767 2191 409 1290 1115 5673 4904 1565 4772 5091 3267 
JS vice vehicle 4705 2764 2473 511 2109 2523 4814 5539 2711 5793 3104 3646 
JS victor velocity 2996 2443 2315 563 2940 1650 3566 4616 2209 3721 4818 2870 
